1,0.3
2,0.3
3,0.3
4,0.3
5,0.3
6,0.3
7,0.3
8,0.3
9,0.3
10,0.3
11,0.3
12,0.3
13,0.3
14,0.3
15,0.3
16,0.3
17,0.3
18,0.3
19,0.329999646
20,0.356999327
21,0.38129904
22,0.403168782
23,0.422851549
24,0.44056604
25,0.456509082
26,0.470857819
27,0.483771683
28,0.49539416
29,0.50585439
30,0.515268597
31,0.523741383
32,0.53136689
33,0.538229847
34,0.544406508
35,0.549965503
36,0.554968598
37,0.565470657
38,0.580321056
39,0.598543804
40,0.619314032
41,0.641937486
42,0.665832677
43,0.69051535
44,0.715584961
45,0.740712917
46,0.765632331
47,0.790129101
48,0.814034133
49,0.837216575
50,0.859577929
51,0.881046931
52,0.901575115
53,0.921132975
54,0.93970665
55,0.958453333
56,0.978171595
57,0.999360885
58,1.022267932
59,1.046920919
60,1.073153177
61,1.100619208
62,1.128807108
63,1.157052697
64,1.184561291
65,1.210442386
66,1.233759979
67,1.253596906
68,1.26912647
69,1.279680648
70,1.284803193
71,1.284278654
72,1.278133862
73,1.266201753
74,1.248149341
75,1.22358995
76,1.192246009
77,1.154122951
78,1.109641921
79,1.059681236
80,1.005506296
81,0.948612899
82,0.890540911
83,0.832715433
84,0.776347827
85,0.722399977
86,0.671597034
87,0.624469127
88,0.581405977
89,0.542714509
90,0.508674826
91,0.479651124
92,0.456216631
93,0.439309497
94,0.430428716
95,0.431835362
96,0.446592422
97,0.478019543
98,0.528008198
99,0.594525856
100,0.670648979
101,0.747117097
102,0.816235305
103,0.873707928
104,0.918195075
105,0.950153168
106,0.970908081
107,0.982120095
108,0.98552519
109,0.982841104
110,0.975764696
111,0.966026608
112,0.955490904
113,0.946289413
114,0.940950778
115,0.942400089
116,0.953584159
117,0.976478507
118,1.010536315
119,1.051225626
120,1.090407759
121,1.120137064
122,1.136907786
123,1.142008206
124,1.139127281
125,1.132262157
126,1.124760529
127,1.119052834
128,1.116633955
129,1.1181038
130,1.123226148
131,1.131009482
132,1.139786412
133,1.14720989
134,1.150090952
135,1.144296483
136,1.125629495
137,1.092464002
138,1.047810728
139,0.997542168
140,0.947134163
141,0.900273121
142,0.858937506
143,0.823782133
144,0.794453465
145,0.769867922
146,0.74852146
147,0.72883441
148,0.709482788
149,0.68965341
150,0.669186715
151,0.648634291
152,0.62933022
153,0.613591159
154,0.605009896
155,0.608369047
156,0.628280529
157,0.666434035
158,0.719611396
159,0.78104994
160,0.843918152
161,0.903554158
162,0.957624113
163,1.005341032
164,1.046678067
165,1.081862113
166,1.111130467
167,1.134670729
168,1.15267345
169,1.165445084
170,1.173551881
171,1.17799357
172,1.180406291
173,1.183200277
174,1.189343529
175,1.201431767
176,1.220043968
177,1.242080062
178,1.260518226
179,1.267079201
180,1.256548262
181,1.228750537
182,1.18707349
183,1.136057854
184,1.079897518
185,1.021920616
186,0.964574458
187,0.90957025
188,0.85802879
189,0.810562577
190,0.767267936
191,0.727646441
192,0.690579881
193,0.654591809
194,0.61850557
195,0.582160555
196,0.54660093
197,0.513661788
198,0.485537535
199,0.464765341
200,0.454501176
201,0.458649728
202,0.481200308
203,0.52423598
204,0.585478924
205,0.658032604
206,0.733319883
207,0.804418661
208,0.867296488
209,0.920282475
210,0.963045141
211,0.995794851
212,1.018911248
213,1.032933956
214,1.038701107
215,1.037432156
216,1.030725789
217,1.020562587
218,1.009372385
219,1.000127322
220,0.99629063
221,1.001344649
222,1.017754396
223,1.045612189
224,1.081403139
225,1.117753459
226,1.14577324
227,1.159393599
228,1.157679236
229,1.143588635
230,1.12160424
231,1.096146909
232,1.070915642
233,1.048716877
234,1.031439192
235,1.020000959
236,1.014233429
237,1.012759153
238,1.012963328
239,1.011128694
240,1.002858766
241,0.984194669
242,0.953635647
243,0.913550187
244,0.868968096
245,0.825104007
246,0.786082948
247,0.754871505
248,0.733429459
249,0.722646488
250,0.722157823
251,0.730331261
252,0.744604168
253,0.762076897
254,0.780137333
255,0.796987998
256,0.812071039
257,0.826387313
258,0.842603131
259,0.864585627
260,0.89571112
261,0.936194039
262,0.982112699
263,1.027867609
264,1.069304146
265,1.104791561
266,1.134676514
267,1.160334762
268,1.183368158
269,1.20505264
270,1.226054543
271,1.246418814
272,1.265779515
273,1.283662043
274,1.299699812
275,1.313632357
276,1.32503511
277,1.332728362
278,1.33390487
279,1.323925125
280,1.29858308
281,1.257473626
282,1.204113596
283,1.143276344
284,1.078959826
285,1.013847609
286,0.949529037
287,0.886894278
288,0.826470113
289,0.7686279
290,0.713668246
291,0.661827676
292,0.613263121
293,0.568053362
294,0.526234577
295,0.487882208
296,0.453258853
297,0.423025799
298,0.398467877
299,0.381725207
300,0.376064255
301,0.385944416
302,0.416112471
303,0.468925429
304,0.541038241
305,0.623263769
306,0.704835682
307,0.777756634
308,0.837984692
309,0.884451475
310,0.917742964
311,0.93918325
312,0.950340722
313,0.95280859
314,0.948146337
315,0.937921339
316,0.92381474
317,0.907773292
318,0.892204559
319,0.880167327
320,0.875360138
321,0.881561021
322,0.901380505
323,0.934802269
324,0.978148709
325,1.024230794
326,1.064961189
327,1.095280278
328,1.11466245
329,1.125648846
330,1.131810673
331,1.136502195
332,1.142329351
333,1.15095568
334,1.163042504
335,1.178300399
336,1.195691009
337,1.213752245
338,1.230865801
339,1.245149559
340,1.253771677
341,1.252245252
342,1.235597255
343,1.202257835
344,1.156078872
345,1.103335424
346,1.049284207
347,0.997127601
348,0.948290114
349,0.902927663
350,0.860394426
351,0.819674414
352,0.779781287
353,0.740066266
354,0.700354714
355,0.660895978
356,0.622214031
357,0.585000438
358,0.55016074
359,0.519038216
360,0.493723242
361,0.477247908
362,0.47344238
363,0.486168585
364,0.517716327
365,0.567091491
366,0.629810791
367,0.699594811
368,0.770416039
369,0.837568659
370,0.897799196
371,0.949080467
372,0.990376398
373,1.021449507
374,1.042674345
375,1.054860342
376,1.059127642
377,1.056875423
378,1.049847616
379,1.040253964
380,1.030863498
381,1.024939191
382,1.025845503
383,1.036290454
384,1.057398676
385,1.087755569
386,1.122491632
387,1.15342832
388,1.172060843
389,1.174013612
390,1.160434736
391,1.135737753
392,1.10495691
393,1.072429093
394,1.041487705
395,1.014518241
396,0.993008145
397,0.977468309
398,0.967259884
399,0.960467454
400,0.953987489
401,0.943940362
402,0.926521354
403,0.899415097
404,0.863237414
405,0.821552782
406,0.779181175
407,0.740565238
408,0.709266107
409,0.688033506
410,0.678748074
411,0.682077357
412,0.697136819
413,0.721576032
414,0.752201492
415,0.78581818
416,0.819914424
417,0.853081628
418,0.885234432
419,0.917603142
420,0.952228521
421,0.990606737
422,1.031935565
423,1.072864835
424,1.109539676
425,1.139697184
426,1.163153172
427,1.18124911
428,1.196113846
429,1.210008311
430,1.224754317
431,1.241275163
432,1.259342291
433,1.277622867
434,1.294046119
435,1.306334172
436,1.312361902
437,1.310074713
438,1.297141517
439,1.271159077
440,1.231148915
441,1.17907387
442,1.119141196
443,1.05575182
444,0.992222171
445,0.930562506
446,0.871709685
447,0.815853785
448,0.762769837
449,0.712130514
450,0.663745772
451,0.617669469
452,0.57417056
453,0.533639412
454,0.496523296
455,0.463357918
456,0.434931391
457,0.412597139
458,0.3986954
459,0.396904093
460,0.412045124
461,0.448459256
462,0.506707332
463,0.58120325
464,0.662183827
465,0.740280797
466,0.809271519
467,0.86614818
468,0.910115307
469,0.941647177
470,0.961871128
471,0.972212397
472,0.974205458
473,0.969414237
474,0.959438027
475,0.946001856
476,0.931132658
477,0.91739251
478,0.90805066
479,0.906907944
480,0.917445669
481,0.941432735
482,0.977613659
483,1.020935141
484,1.063291503
485,1.096929912
486,1.118197259
487,1.128027306
488,1.12987601
489,1.127718653
490,1.125024862
491,1.124400473
492,1.127489182
493,1.134942997
494,1.146440564
495,1.160803876
496,1.17621505
497,1.190374709
498,1.200329885
499,1.202017009
500,1.190596579
501,1.163091724
502,1.121471818
503,1.071610318
504,1.019584264
505,0.969659375
506,0.924158526
507,0.883871576
508,0.848451208
509,0.816768513
510,0.78729155
511,0.758493737
512,0.729228031
513,0.69896536
514,0.667834334
515,0.63651756
516,0.606167696
517,0.578498243
518,0.556065463
519,0.542520428
520,0.542355556
521,0.55963321
522,0.595771795
523,0.647981307
524,0.710265266
525,0.776167039
526,0.840750879
527,0.90096506
528,0.955129013
529,1.002320752
530,1.041985325
531,1.073794395
532,1.097665555
533,1.113827746
534,1.122871923
535,1.125800727
536,1.124120281
537,1.119973201
538,1.11620865
539,1.116178178
540,1.123047191
541,1.138669234
542,1.162360744
543,1.189945743
544,1.21387877
545,1.225726844
546,1.220214376
547,1.197263345
548,1.160605242
549,1.115234813
550,1.065739999
551,1.015721704
552,0.967793147
553,0.92373827
554,0.884614834
555,0.850718248
556,0.821424807
557,0.795070611
558,0.769151827
559,0.741062854
560,0.709208561
561,0.67385047
562,0.637017496
563,0.601640353
564,0.570817291
565,0.547690985
566,0.535634331
567,0.538166304
568,0.558097659
569,0.595953766
570,0.648839004
571,0.711159769
572,0.776826986
573,0.841102866
574,0.901120521
575,0.955443528
576,1.0033356
577,1.04416336
578,1.077165059
579,1.101666384
580,1.117516673
581,1.125349978
582,1.126560698
583,1.123177446
584,1.117778722
585,1.11341522
586,1.113366964
587,1.120551258
588,1.136570255
589,1.16058973
590,1.18838385
591,1.212442998
592,1.224397698
593,1.218907358
594,1.195679758
595,1.158310573
596,1.111908657
597,1.061360469
598,1.010579
599,0.962386235
600,0.918635464
601,0.880319097
602,0.847557138
603,0.819492581
604,0.79425034
605,0.769205569
606,0.741731362
607,0.710274757
608,0.675161972
609,0.638478818
610,0.603197472
611,0.572464745
612,0.549515787
613,0.537884921
614,0.541284189
615,0.562590979
616,0.602077302
617,0.65633415
618,0.719362202
619,0.785028248
620,0.848817878
621,0.908136808
622,0.96174515
623,1.009010308
624,1.04933708
625,1.081963062
626,1.10619268
627,1.121847569
628,1.129537901
629,1.13064591
630,1.127209229
631,1.121847653
632,1.117686502
633,1.118079783
634,1.125938242
635,1.142692535
636,1.167147829
637,1.194621763
638,1.217321861
639,1.227059277
640,1.219050425
641,1.193524055
642,1.154315326
643,1.106538426
644,1.054983682
645,1.003453183
646,0.954676564
647,0.910438658
648,0.871681382
649,0.838481086
650,0.809932699
651,0.784112267
652,0.75838261
653,0.730199053
654,0.698196994
655,0.662905125
656,0.626502741
657,0.591936524
658,0.562302864
659,0.540840862
660,0.531153904
661,0.537020788
662,0.561238231
663,0.603730328
664,0.660576606
665,0.725395162
666,0.791961159
667,0.855879344
668,0.914731938
669,0.967415812
670,1.01337035
671,1.052039746
672,1.082734117
673,1.104904084
674,1.118557698
675,1.124467264
676,1.124126841
677,1.119651194
678,1.113727326
679,1.109544922
680,1.110491095
681,1.119416228
682,1.137532293
683,1.16323241
684,1.191288036
685,1.213518976
686,1.22190286
687,1.212332941
688,1.185716888
689,1.146221679
690,1.098971284
691,1.048610022
692,0.998767951
693,0.952032628
694,0.910077695
695,0.87373787
696,0.84295274
697,0.816630429
698,0.792625157
699,0.768105867
700,0.740456636
701,0.708435907
702,0.672855139
703,0.636191879
704,0.601598697
705,0.572293507
706,0.551587053
707,0.543074025
708,0.550340752
709,0.575738225
710,0.618656835
711,0.67493341
712,0.738410176
713,0.803334204
714,0.86573533
715,0.92345512
716,0.975502013
717,1.021324113
718,1.060292259
719,1.091577785
720,1.114479237
721,1.128902566
722,1.135589513
723,1.136059525
724,1.132484134
725,1.127608695
726,1.12463616
727,1.126861232
728,1.136898557
729,1.155598433
730,1.180930724
731,1.207330778
732,1.226626427
733,1.231250816
734,1.21771201
735,1.187338082
736,1.14445344
737,1.09418353
738,1.041107428
739,0.988760505
740,0.939622665
741,0.895258571
742,0.856403888
743,0.822926409
744,0.793722284
745,0.76674457
746,0.739419061
747,0.709526175
748,0.676211199
749,0.640443428
750,0.60456107
751,0.571445081
752,0.544114338
753,0.525854986
754,0.520418555
755,0.531627758
756,0.561884305
757,0.61015403
758,0.671448945
759,0.73885468
760,0.806264338
761,0.869703518
762,0.927146115
763,0.977717783
764,1.020941523
765,1.056307709
766,1.083268605
767,1.101560469
768,1.111533119
769,1.114246019
770,1.11139732
771,1.105258817
772,1.098665194
773,1.09493283
774,1.097465021
775,1.108882823
776,1.129828728
777,1.157783689
778,1.186486188
779,1.207260264
780,1.212733759
781,1.200201834
782,1.171733869
783,1.131961653
784,1.085941569
785,1.038026523
786,0.991535886
787,0.948800895
788,0.911277799
789,0.879565435
790,0.853289385
791,0.830947207
792,0.809951149
793,0.787150256
794,0.759914798
795,0.727384722
796,0.69099276
797,0.653761125
798,0.619160959
799,0.590573811
800,0.571381224
801,0.565072565
802,0.574767509
803,0.601944891
804,0.645115551
805,0.69985834
806,0.76052925
807,0.822217403
808,0.881664282
809,0.937143511
810,0.987869415
811,1.033338725
812,1.072816873
813,1.105220607
814,1.129550585
815,1.145509141
816,1.153773496
817,1.155904437
818,1.154167951
819,1.151391785
820,1.150755562
821,1.155321762
822,1.167221754
823,1.186633573
824,1.210827756
825,1.233840655
826,1.247807465
827,1.246135057
828,1.226329376
829,1.190236367
830,1.142270646
831,1.087471965
832,1.030289577
833,0.974108621
834,0.921242572
835,0.873084653
836,0.830213446
837,0.792390925
838,0.758526694
839,0.726797913
840,0.695117155
841,0.661918245
842,0.626878466
843,0.591080646
844,0.556557129
845,0.525751458
846,0.501391897
847,0.486750335
848,0.485851792
849,0.502914854
850,0.54039351
851,0.596468887
852,0.664746487
853,0.73714621
854,0.807121839
855,0.870797379
856,0.926424804
857,0.973399733
858,1.011515578
859,1.040644268
860,1.06079142
861,1.072316213
862,1.076079498
863,1.073452439
864,1.066284987
865,1.056933932
866,1.048339734
867,1.043984735
868,1.047435919
869,1.061309979
870,1.085925401
871,1.118093753
872,1.150758323
873,1.174931012
874,1.1838523
875,1.175849787
876,1.153631869
877,1.121873375
878,1.085341652
879,1.048054155
880,1.013082723
881,0.982593109
882,0.957872985
883,0.939242141
884,0.925856573
885,0.915540921
886,0.904883918
887,0.88985028
888,0.867073319
889,0.835534322
890,0.797354987
891,0.756697235
892,0.717981122
893,0.685037116
894,0.661116889
895,0.648964882
896,0.650488474
897,0.666091478
898,0.694215891
899,0.731658764
900,0.774581232
901,0.819556698
902,0.864183887
903,0.907281536
904,0.948839725
905,0.989676793
906,1.030538018
907,1.070822411
908,1.108204703
909,1.139948954
910,1.164506634
911,1.182014712
912,1.193960663
913,1.20266032
914,1.21075092
915,1.220642481
916,1.233903188
917,1.250682372
918,1.269355296
919,1.286618202
920,1.298211064
921,1.300076788
922,1.289310198
923,1.264477124
924,1.225699229
925,1.174940592
926,1.115867963
927,1.052732299
928,0.98915396
929,0.927621102
930,0.869531453
931,0.815391347
932,0.76501951
933,0.717778367
934,0.672879778
935,0.629726483
936,0.588159391
937,0.54850276
938,0.511439472
939,0.477871262
940,0.448915406
941,0.426111105
942,0.411829608
943,0.409722056
944,0.424638996
945,0.460978873
946,0.519184547
947,0.593323509
948,0.673440969
949,0.750424717
950,0.818555397
951,0.875227028
952,0.91976749
953,0.952512933
954,0.97431365
955,0.986313108
956,0.989844598
957,0.986375073
958,0.977490814
959,0.964947139
960,0.950806789
961,0.937659598
962,0.928805251
963,0.928080567
964,0.938961865
965,0.963092271
966,0.998935693
967,1.041082843
968,1.081207588
969,1.111598533
970,1.128782041
971,1.133879295
972,1.130528475
973,1.1228926
974,1.114635249
975,1.108564481
976,1.106536268
977,1.109412595
978,1.117037536
979,1.128276995
980,1.141150327
981,1.152954786
982,1.160183511
983,1.158372996
984,1.142961131
985,1.112094178
986,1.068817165
987,1.019225807
988,0.969104123
989,0.922444072
990,0.881465259
991,0.846955816
992,0.818551455
993,0.794997118
994,0.774480409
995,0.755049505
996,0.735054108
997,0.713505183
998,0.690255761
999,0.665998925
1000,0.642222724
1001,0.621304521
1002,0.606751367
1003,0.603202675
1004,0.615454965
1005,0.646156547
1006,0.693534515
1007,0.751760746
1008,0.813973034
1009,0.874928888
1010,0.93166916
1011,0.982936187
1012,1.028378508
1013,1.067973015
1014,1.101715234
1015,1.129526337
1016,1.151316546
1017,1.16713642
1018,1.177352299
1019,1.182821951
1020,1.18507491
1021,1.186443476
1022,1.189937729
1023,1.19855618
1024,1.213926179
1025,1.234690421
1026,1.255584647
1027,1.268589064
1028,1.266556933
1029,1.246632735
1030,1.210511766
1031,1.162354743
1032,1.106745148
1033,1.047642878
1034,0.988098203
1035,0.930309133
1036,0.875769026
1037,0.825385691
1038,0.779517802
1039,0.737922305
1040,0.699694637
1041,0.663403642
1042,0.627606115
1043,0.591589421
1044,0.555816777
1045,0.521746313
1046,0.491365659
1047,0.466999835
1048,0.451514667
1049,0.448616759
1050,0.462667582
1051,0.497215792
1052,0.552212321
1053,0.622235194
1054,0.698429754
1055,0.772539309
1056,0.839261407
1057,0.896176968
1058,0.942670143
1059,0.978928723
1060,1.005378137
1061,1.022540219
1062,1.031137622
1063,1.03221737
1064,1.027188204
1065,1.017823293
1066,1.006312109
1067,0.995374634
1068,0.988329116
1069,0.988847609
1070,1.000114874
1071,1.02347701
1072,1.0570608
1073,1.094986874
1074,1.128539707
1075,1.150030281
1076,1.156340282
1077,1.148983758
1078,1.131927555
1079,1.109639591
1080,1.08610338
1081,1.064485108
1082,1.047060195
1083,1.035169218
1084,1.029118557
1085,1.028051078
1086,1.029873485
1087,1.031310078
1088,1.028133117
1089,1.01584528
1090,0.991367663
1091,0.955198621
1092,0.911554268
1093,0.865975071
1094,0.82322636
1095,0.786771802
1096,0.758934428
1097,0.740982358
1098,0.733027625
1099,0.733954621
1100,0.741605394
1101,0.753247526
1102,0.766165974
1103,0.778224051
1104,0.788339842
1105,0.796864
1106,0.805819107
1107,0.81885305
1108,0.840399307
1109,0.873395088
1110,0.916639648
1111,0.964968943
1112,1.012524604
1113,1.055516946
1114,1.092703505
1115,1.124586433
1116,1.152448046
1117,1.177624384
1118,1.201077263
1119,1.22325279
1120,1.244176357
1121,1.263677178
1122,1.281600001
1123,1.297899052
1124,1.31259301
1125,1.325556686
1126,1.335958353
1127,1.34118507
1128,1.336281715
1129,1.3161755
1130,1.279517177
1131,1.229276058
1132,1.170123545
1133,1.106215294
1134,1.04050157
1135,0.974876752
1136,0.910533462
1137,0.848256636
1138,0.788595549
1139,0.731937081
1140,0.678529817
1141,0.628499406
1142,0.581873328
1143,0.538622876
1144,0.498742033
1145,0.462393571
1146,0.430107003
1147,0.402953378
1148,0.382710875
1149,0.372127995
1150,0.375181622
1151,0.396754913
1152,0.440741246
1153,0.506490806
1154,0.58669323
1155,0.670244621
1156,0.747517732
1157,0.812966284
1158,0.864625219
1159,0.902665212
1160,0.928257873
1161,0.942935723
1162,0.94829566
1163,0.945903507
1164,0.937315924
1165,0.924165912
1166,0.908286337
1167,0.891879512
1168,0.877723739
1169,0.869294679
1170,0.870489086
1171,0.884625921
1172,0.912937742
1173,0.953284522
1174,0.999735848
1175,1.044148043
1176,1.079924271
1177,1.104760458
1178,1.120150558
1179,1.129360784
1180,1.135851267
1181,1.142501941
1182,1.151304979
1183,1.163254414
1184,1.178360414
1185,1.195814946
1186,1.214307588
1187,1.232363832
1188,1.24842537
1189,1.260363851
1190,1.264545139
1191,1.255797316
1192,1.230323228
1193,1.189495801
1194,1.138951889
1195,1.084641381
1196,1.030685443
1197,0.979239937
1198,0.930976127
1199,0.885588206
1200,0.842252195
1201,0.800046192
1202,0.758290307
1203,0.716729466
1204,0.675525147
1205,0.635118429
1206,0.596093751
1207,0.559163297
1208,0.525324554
1209,0.496146457
1210,0.474034904
1211,0.462295238
1212,0.464808883
1213,0.485002913
1214,0.524112913
1215,0.579859643
1216,0.646913599
1217,0.71881326
1218,0.789729184
1219,0.855242457
1220,0.91240724
1221,0.959561632
1222,0.996088837
1223,1.022161435
1224,1.038492556
1225,1.046142794
1226,1.04642553
1227,1.04092266
1228,1.031583088
1229,1.020842622
1230,1.0116764
1231,1.007439534
1232,1.011354473
1233,1.025694682
1234,1.050868101
1235,1.084437709
1236,1.12032124
1237,1.149726382
1238,1.165112449
1239,1.164085605
1240,1.149237431
1241,1.125371867
1242,1.097301776
1243,1.068982341
1244,1.04338246
1245,1.022537475
1246,1.007531692
1247,0.998370797
1248,0.99383579
1249,0.991464303
1250,0.987750031
1251,0.978602838
1252,0.960281106
1253,0.931002136
1254,0.8923556
1255,0.848780863
1256,0.80544153
1257,0.766701075
1258,0.735828163
1259,0.715103642
1260,0.705748956
1261,0.707683769
1262,0.719425636
1263,0.738388975
1264,0.761525027
1265,0.786023524
1266,0.809876358
1267,0.832282134
1268,0.853908543
1269,0.876920201
1270,0.904453943
1271,0.939040488
1272,0.980324506
1273,1.024458209
1274,1.066498472
1275,1.103132109
1276,1.13344092
1277,1.158285174
1278,1.179408188
1279,1.198681077
1280,1.217545371
1281,1.236680782
1282,1.255942832
1283,1.274569952
1284,1.291554318
1285,1.305960184
1286,1.316960481
1287,1.323481148
1288,1.323525407
1289,1.313671667
1290,1.290045349
1291,1.25116906
1292,1.199509622
1293,1.139698621
1294,1.076111053
1295,1.011827434
1296,0.94864326
1297,0.887430758
1298,0.828533188
1299,0.77208458
1300,0.718208651
1301,0.667088037
1302,0.618941433
1303,0.573973632
1304,0.532354132
1305,0.49425428
1306,0.459960149
1307,0.430076643
1308,0.405811668
1309,0.389289837
1310,0.38383641
1311,0.393977092
1312,0.424401582
1313,0.477202459
1314,0.548790337
1315,0.63013191
1316,0.710906361
1317,0.783422677
1318,0.843661445
1319,0.890424513
1320,0.924157355
1321,0.946092575
1322,0.957759857
1323,0.960748804
1324,0.95662698
1325,0.946960992
1326,0.933417397
1327,0.917927402
1328,0.902896615
1329,0.891395273
1330,0.887119975
1331,0.893790058
1332,0.913897834
1333,0.947302716
1334,0.99021557
1335,1.03532627
1336,1.074463535
1337,1.102617469
1338,1.119438155
1339,1.127666555
1340,1.131028546
1341,1.132982907
1342,1.136215756
1343,1.142473511
1344,1.152510814
1345,1.166118681
1346,1.182279434
1347,1.199445737
1348,1.215784856
1349,1.229082116
1350,1.236134652
1351,1.232284895
1352,1.212942247
1353,1.177387489
1354,1.130087598
1355,1.077395
1356,1.024391698
1357,0.974097542
1358,0.927800881
1359,0.885541216
1360,0.846538786
1361,0.809602805
1362,0.773533085
1363,0.737460303
1364,0.701034747
1365,0.66442039
1366,0.628161158
1367,0.593067665
1368,0.560258264
1369,0.531391972
1370,0.508987843
1371,0.496571392
1372,0.498314583
1373,0.517826669
1374,0.556199172
1375,0.610698176
1376,0.675631862
1377,0.744669029
1378,0.812596857
1379,0.875782479
1380,0.931890291
1381,0.979494944
1382,1.017844982
1383,1.046753365
1384,1.066519902
1385,1.077846341
1386,1.081772967
1387,1.0796836
1388,1.073394148
1389,1.065278557
1390,1.058319611
1391,1.055909614
1392,1.061244194
1393,1.076384425
1394,1.101246215
1395,1.132634947
1396,1.163764948
1397,1.185804198
1398,1.191982332
1399,1.180844141
1400,1.155565988
1401,1.121177483
1402,1.082509002
1403,1.043433793
1404,1.006814881
1405,0.974628013
1406,0.948005797
1407,0.927130198
1408,0.911033177
1409,0.897486749
1410,0.883218298
1411,0.864616612
1412,0.838942242
1413,0.805673573
1414,0.766992945
1415,0.726796489
1416,0.689225424
1417,0.657960966
1418,0.636222664
1419,0.626781154
1420,0.631557327
1421,0.650891356
1422,0.683065997
1423,0.724677403
1424,0.771734826
1425,0.82076562
1426,0.869409954
1427,0.916515934
1428,0.96191901
1429,1.005919388
1430,1.048404826
1431,1.088049097
1432,1.122546377
1433,1.149908983
1434,1.169507621
1435,1.182178094
1436,1.189836973
1437,1.195047362
1438,1.200591659
1439,1.208957949
1440,1.221719922
1441,1.238916527
1442,1.258612214
1443,1.276904698
1444,1.288683142
1445,1.289063999
1446,1.274791681
1447,1.244936877
1448,1.20095604
1449,1.146300468
1450,1.08541693
1451,1.022485216
1452,0.960657666
1453,0.901936122
1454,0.847329681
1455,0.797031725
1456,0.750575198
1457,0.707042882
1458,0.665398568
1459,0.624887395
1460,0.585334329
1461,0.547193015
1462,0.511380879
1463,0.479103823
1464,0.451864227
1465,0.431719793
1466,0.421717699
1467,0.426169277
1468,0.449945067
1469,0.495877625
1470,0.561379947
1471,0.638246122
1472,0.716737031
1473,0.789524305
1474,0.852625795
1475,0.904490437
1476,0.944894706
1477,0.974258305
1478,0.993349257
1479,1.003190191
1480,1.005022411
1481,1.000279914
1482,0.990592708
1483,0.97785798
1484,0.964400718
1485,0.953177661
1486,0.947818315
1487,0.952122933
1488,0.968838686
1489,0.998188067
1490,1.036765333
1491,1.077410904
1492,1.111414856
1493,1.132656763
1494,1.139965051
1495,1.136026613
1496,1.125071937
1497,1.11128626
1498,1.0981429
1499,1.088216625
1500,1.083132203
1501,1.0835068
1502,1.088886272
1503,1.097741617
1504,1.107556315
1505,1.114911611
1506,1.115512855
1507,1.104685497
1508,1.079377669
1509,1.040777528
1510,0.99405096
1511,0.945264823
1512,0.89918477
1513,0.858874261
1514,0.825938896
1515,0.800738803
1516,0.782527175
1517,0.769654124
1518,0.759914703
1519,0.751012206
1520,0.741049678
1521,0.728946841
1522,0.714691395
1523,0.699423157
1524,0.685485604
1525,0.676547212
1526,0.677500272
1527,0.693301593
1528,0.726341305
1529,0.774157287
1530,0.830396374
1531,0.888338176
1532,0.943429555
1533,0.99357605
1534,1.038317228
1535,1.077952111
1536,1.112968914
1537,1.143764109
1538,1.170547702
1539,1.193357597
1540,1.212157356
1541,1.227014099
1542,1.238339549
1543,1.2471502
1544,1.255229566
1545,1.264898189
1546,1.277972605
1547,1.293894436
1548,1.308184242
1549,1.313400817
1550,1.303122502
1551,1.275368385
1552,1.232368998
1553,1.178268484
1554,1.117279592
1555,1.052898124
1556,0.987768609
1557,0.923796628
1558,0.862306195
1559,0.804167757
1560,0.749876203
1561,0.699577136
1562,0.653059145
1563,0.60978078
1564,0.569055434
1565,0.530435697
1566,0.494079479
1567,0.460811926
1568,0.431967146
1569,0.409364782
1570,0.395573202
1571,0.394286635
1572,0.410289194
1573,0.447998802
1574,0.508046263
1575,0.584429305
1576,0.666506288
1577,0.744347082
1578,0.811904715
1579,0.866808505
1580,0.9089222
1581,0.93912541
1582,0.958620137
1583,0.968658528
1584,0.970522982
1585,0.965593295
1586,0.955407856
1587,0.941729208
1588,0.926663506
1589,0.912847322
1590,0.903609338
1591,0.902818995
1592,0.914030078
1593,0.938972092
1594,0.976109265
1595,1.019980928
1596,1.06239
1597,1.096019817
1598,1.117686403
1599,1.12838911
1600,1.131371866
1601,1.130394079
1602,1.128818734
1603,1.12922954
1604,1.133268589
1605,1.141564573
1606,1.153751525
1607,1.168618129
1608,1.184355654
1609,1.198711506
1610,1.208765545
1611,1.210409891
1612,1.198724184
1613,1.170793024
1614,1.128750845
1615,1.078480327
1616,1.025932049
1617,0.97526076
1618,0.92874328
1619,0.887175591
1620,0.850247638
1621,0.816886206
1622,0.785631817
1623,0.755049502
1624,0.724095363
1625,0.692330895
1626,0.659934696
1627,0.627586562
1628,0.596391744
1629,0.567987647
1630,0.544831514
1631,0.530447389
1632,0.529213147
1633,0.545232103
1634,0.580240654
1635,0.631894519
1636,0.694424824
1637,0.761254764
1638,0.827139148
1639,0.888711014
1640,0.944048664
1641,0.992076154
1642,1.032168017
1643,1.064000517
1644,1.087551352
1645,1.103134993
1646,1.111424674
1647,1.113484148
1648,1.110851474
1649,1.105669025
1650,1.10076269
1651,1.09948025
1652,1.1050805
1653,1.119681555
1654,1.143068746
1655,1.171672443
1656,1.198368681
1657,1.21448994
1658,1.213897074
1659,1.195659087
1660,1.163105151
1661,1.121210802
1662,1.0747093
1663,1.027377345
1664,0.981987542
1665,0.940457297
1666,0.903949598
1667,0.872830971
1668,0.846501859
1669,0.823249202
1670,0.800400225
1671,0.775018426
1672,0.745062896
1673,0.710436657
1674,0.673111498
1675,0.636233556
1676,0.603158707
1677,0.577144839
1678,0.561488375
1679,0.559509694
1680,0.57390542
1681,0.605461981
1682,0.652014672
1683,0.70885216
1684,0.770483114
1685,0.832351335
1686,0.891514593
1687,0.946414686
1688,0.996261194
1689,1.040398684
1690,1.077909627
1691,1.107699775
1692,1.129029933
1693,1.142005552
1694,1.147672869
1695,1.147863154
1696,1.145025833
1697,1.142089752
1698,1.142218667
1699,1.148292818
1700,1.162080509
1701,1.183242917
1702,1.208434164
1703,1.231147558
1704,1.243401558
1705,1.23912514
1706,1.216704431
1707,1.17873701
1708,1.130015481
1709,1.075604932
1710,1.019769097
1711,0.965645329
1712,0.915316599
1713,0.869967216
1714,0.829956133
1715,0.794789304
1716,0.763101886
1717,0.732853296
1718,0.701893178
1719,0.668799222
1720,0.633549785
1721,0.59755302
1722,0.563087793
1723,0.532772879
1724,0.509501766
1725,0.496710241
1726,0.498461612
1727,0.518626795
1728,0.558791165
1729,0.616185595
1730,0.684144159
1731,0.755110731
1732,0.823305248
1733,0.885405456
1734,0.939906974
1735,0.986217453
1736,1.024015329
1737,1.053020887
1738,1.073122233
1739,1.084630918
1740,1.088425654
1741,1.085941693
1742,1.079127893
1743,1.070466418
1744,1.063017787
1745,1.060295545
1746,1.065693483
1747,1.08139644
1748,1.107079509
1749,1.138808902
1750,1.168977099
1751,1.188706675
1752,1.19205404
1753,1.178302982
1754,1.150780216
1755,1.114392429
1756,1.073896101
1757,1.03318522
1758,0.995171089
1759,0.961856136
1760,0.934370767
1761,0.912879848
1762,0.896386674
1763,0.882595898
1764,0.868102127
1765,0.849154824
1766,0.823039099
1767,0.789520352
1768,0.751122818
1769,0.71185223
1770,0.675759696
1771,0.646446215
1772,0.627169624
1773,0.620823322
1774,0.629392869
1775,0.653055384
1776,0.6896751
1777,0.735364458
1778,0.785814374
1779,0.837466032
1780,0.88801662
1781,0.936389006
1782,0.982422236
1783,1.026306827
1784,1.067736876
1785,1.105285192
1786,1.136858379
1787,1.160939945
1788,1.177366376
1789,1.187291985
1790,1.192826687
1791,1.196661553
1792,1.201657915
1793,1.21028603
1794,1.223913964
1795,1.242095251
1796,1.262100408
1797,1.27908414
1798,1.287276738
1799,1.281897857
1800,1.260638717
1801,1.22395497
1802,1.174543705
1803,1.116495802
1804,1.054207082
1805,0.991410702
1806,0.930757048
1807,0.873843922
1808,0.821381367
1809,0.773328284
1810,0.729017947
1811,0.687375881
1812,0.647293369
1813,0.608067088
1814,0.569687592
1815,0.532827508
1816,0.498623283
1817,0.468509599
1818,0.444297532
1819,0.428515339
1820,0.424836165
1821,0.438037696
1822,0.472458068
1823,0.528626834
1824,0.600871241
1825,0.679531309
1826,0.755707847
1827,0.823812145
1828,0.881303691
1829,0.927485789
1830,0.962545554
1831,0.987069764
1832,1.001891541
1833,1.008071696
1834,1.006894534
1835,0.999859279
1836,0.988706231
1837,0.975520787
1838,0.962919672
1839,0.954212465
1840,0.953230498
1841,0.963452956
1842,0.986549136
1843,1.021005939
1844,1.061391047
1845,1.099278409
1846,1.126769288
1847,1.140190307
1848,1.140577983
1849,1.131641249
1850,1.117719642
1851,1.102704936
1852,1.089666132
1853,1.080755802
1854,1.077159693
1855,1.079022864
1856,1.085391244
1857,1.094234273
1858,1.102536387
1859,1.10635915
1860,1.101047955
1861,1.08246929
1862,1.049645734
1863,1.006148685
1864,0.957956874
1865,0.910541836
1866,0.867755257
1867,0.83190645
1868,0.804004827
1869,0.783890536
1870,0.770360199
1871,0.761422991
1872,0.754711832
1873,0.747979793
1874,0.739583867
1875,0.728858619
1876,0.71631671
1877,0.70372787
1878,0.694210688
1879,0.69225847
1880,0.703054189
1881,0.730280829
1882,0.773311191
1883,0.826829393
1884,0.883871746
1885,0.939070032
1886,0.989654896
1887,1.034838588
1888,1.074863082
1889,1.110299531
1890,1.141674338
1891,1.169328904
1892,1.193408303
1893,1.213922085
1894,1.230872737
1895,1.244459727
1896,1.255337952
1897,1.264842814
1898,1.274939617
1899,1.287461284
1900,1.302389319
1901,1.316030112
1902,1.321355368
1903,1.311709082
1904,1.284644735
1905,1.24211602
1906,1.188193476
1907,1.127095618
1908,1.062335105
1909,0.996567506
1910,0.931704484
1911,0.86907767
1912,0.809576335
1913,0.753737534
1914,0.701787183
1915,0.653643854
1916,0.608930621
1917,0.567093509
1918,0.527701633
1919,0.490803262
1920,0.457064846
1921,0.42767407
1922,0.404310149
1923,0.389378789
1924,0.386398712
1925,0.400080646
1926,0.435130909
1927,0.492987698
1928,0.568504812
1929,0.651175293
1930,0.730503445
1931,0.799777345
1932,0.856204436
1933,0.899477732
1934,0.930468382
1935,0.950451433
1936,0.960770185
1937,0.962774265
1938,0.957873449
1939,0.947603412
1940,0.933695664
1941,0.918195616
1942,0.903650064
1943,0.89329278
1944,0.890968513
1945,0.900385668
1946,0.923648508
1947,0.959757575
1948,1.003822449
1949,1.047924874
1950,1.084452165
1951,1.109593378
1952,1.12382948
1953,1.130135149
1954,1.132171137
1955,1.133277587
1956,1.136038007
1957,1.142096001
1958,1.152084183
1959,1.165660042
1960,1.181683436
1961,1.198499697
1962,1.214134847
1963,1.226094495
1964,1.230715842
1965,1.223058298
1966,1.199220072
1967,1.160001181
1968,1.110744934
1969,1.057627232
1970,1.005206309
1971,0.956071463
1972,0.91123027
1973,0.870538762
1974,0.833089462
1975,0.797607493
1976,0.762854625
1977,0.727967217
1978,0.692630831
1979,0.657058273
1980,0.621854662
1981,0.587927232
1982,0.556568505
1983,0.529723992
1984,0.510288652
1985,0.502131652
1986,0.509491899
1987,0.535428574
1988,0.579797015
1989,0.638545079
1990,0.705359791
1991,0.77411379
1992,0.840210659
1993,0.900656762
1994,0.953615843
1995,0.998006826
1996,1.033299481
1997,1.059439374
1998,1.076800096
1999,1.086128166
2000,1.08851246
2001,1.085422011
2002,1.078815505
2003,1.071258054
2004,1.065910671
2005,1.066198349
2006,1.075042232
2007,1.093823811
2008,1.12133984
2009,1.152922667
2010,1.180603567
2011,1.19585226
2012,1.193858012
2013,1.175268454
2014,1.144297354
2015,1.106047954
2016,1.065008272
2017,1.02464196
2018,0.987450909
2019,0.955096689
2020,0.928402999
2021,0.907209101
2022,0.890170759
2023,0.874726046
2024,0.857475383
2025,0.835106026
2026,0.805724543
2027,0.769929633
2028,0.730651608
2029,0.691846546
2030,0.65735686
2031,0.630616652
2032,0.614748699
2033,0.612421876
2034,0.625208428
2035,0.652741452
2036,0.692439134
2037,0.740266815
2038,0.792062565
2039,0.844561456
2040,0.895759062
2041,0.944780726
2042,0.991463622
2043,1.035686269
2044,1.076602089
2045,1.11242487
2046,1.141239624
2047,1.162093712
2048,1.175404302
2049,1.182745117
2050,1.186479823
2051,1.189413863
2052,1.194383435
2053,1.203685678
2054,1.21838231
2055,1.237625517
2056,1.258243953
2057,1.275005569
2058,1.281943596
2059,1.274361291
2060,1.250318843
2061,1.210881577
2062,1.15943236
2063,1.100506387
2064,1.038530907
2065,0.976999575
2066,0.918262019
2067,0.863647334
2068,0.813630567
2069,0.767949766
2070,0.725734695
2071,0.685761294
2072,0.646871577
2073,0.608429595
2074,0.570576655
2075,0.534161394
2076,0.500488101
2077,0.471167308
2078,0.448241693
2079,0.43455889
2080,0.434125444
2081,0.451755365
2082,0.491031536
2083,0.550944259
2084,0.624615599
2085,0.702485432
2086,0.776608059
2087,0.842309837
2088,0.897572101
2089,0.941883558
2090,0.975430842
2091,0.99873357
2092,1.01255973
2093,1.017934382
2094,1.016139951
2095,1.008708634
2096,0.997456765
2097,0.984601999
2098,0.972946249
2099,0.965970722
2100,0.967499996
2101,0.980655646
2102,1.006394116
2103,1.042256829
2104,1.081873698
2105,1.116478464
2106,1.138858053
2107,1.146544384
2108,1.141503267
2109,1.127859103
2110,1.110018219
2111,1.091786457
2112,1.076104387
2113,1.064994328
2114,1.059510502
2115,1.059643778
2116,1.064233241
2117,1.070963736
2118,1.076456566
2119,1.076424151
2120,1.066214975
2121,1.042553203
2122,1.005985339
2123,0.96107758
2124,0.913740547
2125,0.86892077
2126,0.830027338
2127,0.799110096
2128,0.777014236
2129,0.763413922
2130,0.756897218
2131,0.755241591
2132,0.755870127
2133,0.756384028
2134,0.755072244
2135,0.751322797
2136,0.745883742
2137,0.741000687
2138,0.740466614
2139,0.749261272
2140,0.771932961
2141,0.809678203
2142,0.85871337
2143,0.912387474
2144,0.964850087
2145,1.012845353
2146,1.055422863
2147,1.09294435
2148,1.12623044
2149,1.15605538
2150,1.1829486
2151,1.207193596
2152,1.228908447
2153,1.248136657
2154,1.264951229
2155,1.279611216
2156,1.292751655
2157,1.305414118
2158,1.318471181
2159,1.331068298
2160,1.338963809
2161,1.335431375
2162,1.31545378
2163,1.278737946
2164,1.228611595
2165,1.169440073
2166,1.105086633
2167,1.03850357
2168,0.971817211
2169,0.906516649
2170,0.843618461
2171,0.783789234
2172,0.727430353
2173,0.674728047
2174,0.625675493
2175,0.580093503
2176,0.537710726
2177,0.498362044
2178,0.462243311
2179,0.430047256
2180,0.402972799
2181,0.38282895
2182,0.372352347
2183,0.375555065
2184,0.39747342
2185,0.442188754
2186,0.508948698
2187,0.589933433
2188,0.673613938
2189,0.750398094
2190,0.815048979
2191,0.865901268
2192,0.903306262
2193,0.928495868
2194,0.942971562
2195,0.948252709
2196,0.945834946
2197,0.937242298
2198,0.924103529
2199,0.908253789
2200,0.891895065
2201,0.877812379
2202,0.869518002
2203,0.870978684
2204,0.885551995
2205,0.914384172
2206,0.955125948
2207,1.001651734
2208,1.045823355
2209,1.081245213
2210,1.105793869
2211,1.121008916
2212,1.130121455
2213,1.136550491
2214,1.143154284
2215,1.151915627
2216,1.163822217
2217,1.178879748
2218,1.196279007
2219,1.214709413
2220,1.2326904
2221,1.248640715
2222,1.260374857
2223,1.264167147
2224,1.254811728
2225,1.228669199
2226,1.187340053
2227,1.136524603
2228,1.082106189
2229,1.028129978
2230,0.976706954
2231,0.928488476
2232,0.883161325
2233,0.839899495
2234,0.797781434
2235,0.756127848
2236,0.714682757
2237,0.673605111
2238,0.633333636
2239,0.594453588
2240,0.557685546
2241,0.524048276
2242,0.495146193
2243,0.473427609
2244,0.462236482
2245,0.465472739
2246,0.486527542
2247,0.526517564
2248,0.582993334
2249,0.650490664
2250,0.722507237
2251,0.793255604
2252,0.858398957
2253,0.915078476
2254,0.961705039
2255,0.997713323
2256,1.023307045
2257,1.039215518
2258,1.046507443
2259,1.046502885
2260,1.040794193
2261,1.031346768
2262,1.02061824
2263,1.011606536
2264,1.007679132
2265,1.0120426
2266,1.026910548
2267,1.0525765
2268,1.086427954
2269,1.122189648
2270,1.151013679
2271,1.16555415
2272,1.163710337
2273,1.148252616
2274,1.124021645
2275,1.095796596
2276,1.067482738
2277,1.042002077
2278,1.021346547
2279,1.006555226
2280,0.997582851
2281,0.993154872
2282,0.990754905
2283,0.986833487
2284,0.977286038
2285,0.95842253
2286,0.928606131
2287,0.889604944
2288,0.845947825
2289,0.802778273
2290,0.764401329
2291,0.734034076
2292,0.713912051
2293,0.705203782
2294,0.707764637
2295,0.72004971
2296,0.739432927
2297,0.762857993
2298,0.787537533
2299,0.81150875
2300,0.834031174
2301,0.855841574
2302,0.879163904
2303,0.907139794
2304,0.942186984
2305,0.983740661
2306,1.027819503
2307,1.069531033
2308,1.105709431
2309,1.135568231
2310,1.160046624
2311,1.180919041
2312,1.200051732
2313,1.218856016
2314,1.237967344
2315,1.257195603
2316,1.275743741
2317,1.292583893
2318,1.306769927
2319,1.317457304
2320,1.32352601
2321,1.32289607
2322,1.312078787
2323,1.287290182
2324,1.247329469
2325,1.194897634
2326,1.134670514
2327,1.070948022
2328,1.006713074
2329,0.943682166
2330,0.882674638
2331,0.8240039
2332,0.767791193
2333,0.71415751
2334,0.663286512
2335,0.615397934
2336,0.570697063
2337,0.529355298
2338,0.491551006
2339,0.45758797
2340,0.428106402
2341,0.404372642
2342,0.388595521
2343,0.384203608
2344,0.395796161
2345,0.427980271
2346,0.482487029
2347,0.555216274
2348,0.636853647
2349,0.717186039
2350,0.788820109
2351,0.848004966
2352,0.893710758
2353,0.926467841
2354,0.947543693
2355,0.958477783
2356,0.96085931
2357,0.956254154
2358,0.946232317
2359,0.932474161
2360,0.916939747
2361,0.902081109
2362,0.891024763
2363,0.887500696
2364,0.895182104
2365,0.916398895
2366,0.950747042
2367,0.994125067
2368,1.03901621
2369,1.077361255
2370,1.104518276
2371,1.120468049
2372,1.128103292
2373,1.131165505
2374,1.133066299
2375,1.136422825
2376,1.14290572
2377,1.153193082
2378,1.167006258
2379,1.183274995
2380,1.200420664
2381,1.216584974
2382,1.229494168
2383,1.235826073
2384,1.230830264
2385,1.210087718
2386,1.173335983
2387,1.125358488
2388,1.072489691
2389,1.019647534
2390,0.969692861
2391,0.923794962
2392,0.881910718
2393,0.843209784
2394,0.806482064
2395,0.770537325
2396,0.734537488
2397,0.698171627
2398,0.661637188
2399,0.625502534
2400,0.590601832
2401,0.558091507
2402,0.529696248
2403,0.508025859
2404,0.496691955
2405,0.499885235
2406,0.521077949
2407,0.561046437
2408,0.616715992
2409,0.682232546
2410,0.751313609
2411,0.818893487
2412,0.881483392
2413,0.936853753
2414,0.983652449
2415,1.021181935
2416,1.04929744
2417,1.068331659
2418,1.079012073
2419,1.082402941
2420,1.079918001
2421,1.073415154
2422,1.065321333
2423,1.058668931
2424,1.056864053
2425,1.063041253
2426,1.079106404
2427,1.104725501
2428,1.13637121
2429,1.166955686
2430,1.187645069
2431,1.192081378
2432,1.17932678
2433,1.152848956
2434,1.117723424
2435,1.078708522
2436,1.039580811
2437,1.003115914
2438,0.971212308
2439,0.94492376
2440,0.924339949
2441,0.90838594
2442,0.894731092
2443,0.880043743
2444,0.860747571
2445,0.834269379
2446,0.800347917
2447,0.761379905
2448,0.721324163
2449,0.684278377
2450,0.653868494
2451,0.633279398
2452,0.62523926
2453,0.631570971
2454,0.652444553
2455,0.685951433
2456,0.728562163
2457,0.776270198
2458,0.825672232
2459,0.874511002
2460,0.921727935
2461,0.967208293
2462,1.0112207
2463,1.053526577
2464,1.092661648
2465,1.126315123
2466,1.152649221
2467,1.171227493
2468,1.18303655
2469,1.190088315
2470,1.194996
2471,1.200547864
2472,1.209183195
2473,1.222362345
2474,1.239946881
2475,1.25977832
2476,1.277738947
2477,1.288599283
2478,1.287524944
2479,1.271469594
2480,1.239808842
2481,1.194319373
2482,1.138677387
2483,1.077373864
2484,1.014489031
2485,0.953030841
2486,0.894871233
2487,0.840914906
2488,0.791269617
2489,0.745398538
2490,0.702338714
2491,0.661045697
2492,0.620798283
2493,0.581482881
2494,0.54361774
2495,0.508173305
2496,0.476404143
2497,0.449880441
2498,0.430772469
2499,0.422289138
2500,0.428884037
2501,0.455347044
2502,0.503977053
2503,0.571374512
2504,0.64887397
2505,0.7269002
2506,0.798574065
2507,0.860299233
2508,0.910751023
2509,0.949811527
2510,0.977943363
2511,0.995933896
2512,1.004819553
2513,1.005855668
2514,1.000493584
2515,0.990389769
2516,0.977486333
2517,0.964180299
2518,0.953521018
2519,0.949203441
2520,0.954972071
2521,0.973327534
2522,1.004074904
2523,1.043296704
2524,1.083443142
2525,1.115892279
2526,1.135097767
2527,1.140496498
2528,1.13510199
2529,1.123213813
2530,1.108959278
2531,1.095713362
2532,1.085944531
2533,1.081167295
2534,1.081880513
2535,1.087503254
2536,1.096377042
2537,1.105856146
2538,1.112385971
2539,1.111557351
2540,1.09876779
2541,1.071435477
2542,1.031404175
2543,0.984144993
2544,0.935615549
2545,0.890345342
2546,0.851194601
2547,0.81961085
2548,0.795818407
2549,0.77894874
2550,0.767254992
2551,0.75847673
2552,0.75031401
2553,0.740919552
2554,0.729306876
2555,0.715589148
2556,0.701060331
2557,0.68825829
2558,0.68107729
2559,0.684548864
2560,0.703414143
2561,0.739334854
2562,0.788995472
2563,0.845712911
2564,0.903047728
2565,0.956939457
2566,1.005691329
2567,1.049073254
2568,1.0874848
2569,1.121439657
2570,1.151326679
2571,1.177341008
2572,1.199512509
2573,1.217811613
2574,1.232333571
2575,1.243545167
2576,1.252542181
2577,1.261172393
2578,1.271686071
2579,1.285504399
2580,1.30126229
2581,1.313611856
2582,1.314986657
2583,1.299908314
2584,1.267633635
2585,1.22111837
2586,1.164650139
2587,1.102282516
2588,1.037271077
2589,0.972037494
2590,0.908308689
2591,0.847272628
2592,0.789696428
2593,0.735993553
2594,0.686242205
2595,0.64017936
2596,0.597248786
2597,0.556820639
2598,0.518581424
2599,0.482841944
2600,0.450535579
2601,0.423076728
2602,0.402412751
2603,0.391343416
2604,0.393866934
2605,0.414911264
2606,0.458377642
2607,0.523435902
2608,0.602518045
2609,0.684587528
2610,0.760455252
2611,0.825049287
2612,0.876685827
2613,0.91558974
2614,0.942794661
2615,0.959561155
2616,0.967175642
2617,0.966960003
2618,0.96034008
2619,0.948905873
2620,0.934488875
2621,0.919302077
2622,0.906138179
2623,0.898494069
2624,0.900282666
2625,0.914780197
2626,0.943050745
2627,0.98263599
2628,1.027224479
2629,1.068470841
2630,1.099881745
2631,1.119396299
2632,1.128728574
2633,1.131340289
2634,1.130915479
2635,1.130612862
2636,1.132756103
2637,1.138698996
2638,1.148778375
2639,1.162375037
2640,1.178111997
2641,1.194115999
2642,1.208101833
2643,1.217014365
2644,1.216500166
2645,1.201697998
2646,1.170537124
2647,1.126187829
2648,1.074827492
2649,1.022094358
2650,0.971702274
2651,0.925550248
2652,0.884142767
2653,0.846968326
2654,0.812860424
2655,0.780391842
2656,0.748278191
2657,0.715698633
2658,0.682437029
2659,0.648831754
2660,0.615646035
2661,0.584028295
2662,0.55567079
2663,0.533117803
2664,0.519968964
2665,0.520575899
2666,0.538820703
2667,0.576023976
2668,0.629443575
2669,0.693172605
2670,0.760730864
2671,0.827009682
2672,0.888696734
2673,0.94384036
2674,0.991305442
2675,1.030439205
2676,1.060956476
2677,1.082933707
2678,1.096813917
2679,1.103401396
2680,1.103884382
2681,1.099922135
2682,1.093773692
2683,1.088359546
2684,1.087065901
2685,1.093102647
2686,1.108463972
2687,1.132790288
2688,1.162383614
2689,1.19001555
2690,1.206975073
2691,1.207202962
2692,1.189938787
2693,1.158654626
2694,1.118380821
2695,1.073841399
2696,1.028783528
2697,0.985953072
2698,0.947240773
2699,0.913761161
2700,0.885780951
2701,0.862531048
2702,0.842072907
2703,0.821499125
2704,0.797683702
2705,0.768493932
2706,0.733890561
2707,0.696048614
2708,0.658369259
2709,0.624411593
2710,0.597534759
2711,0.581010332
2712,0.577985155
2713,0.590859071
2714,0.620151759
2715,0.663694186
2716,0.717109449
2717,0.775395959
2718,0.834409042
2719,0.891456765
2720,0.945124193
2721,0.99473675
2722,1.039731015
2723,1.079154207
2724,1.111652988
2725,1.13607811
2726,1.152159882
2727,1.160711109
2728,1.163457485
2729,1.162806634
2730,1.161644029
2731,1.163041754
2732,1.1697331
2733,1.183333243
2734,1.203442997
2735,1.226881436
2736,1.247611517
2737,1.258231479
2738,1.252905532
2739,1.229712732
2740,1.190711942
2741,1.140331248
2742,1.083570456
2743,1.024806052
2744,0.967312492
2745,0.913265799
2746,0.863905694
2747,0.819650839
2748,0.780125223
2749,0.74418721
2750,0.710132825
2751,0.676193862
2752,0.641224833
2753,0.605218399
2754,0.569312069
2755,0.535372725
2756,0.505627847
2757,0.482675931
2758,0.469799609
2759,0.471159175
2760,0.491108962
2761,0.531985513
2762,0.591445562
2763,0.662431133
2764,0.736482566
2765,0.807029379
2766,0.870328511
2767,0.924762924
2768,0.969827523
2769,1.005433704
2770,1.0316457
2771,1.048731927
2772,1.057315328
2773,1.058451607
2774,1.053621685
2775,1.044728489
2776,1.034166376
2777,1.0249308
2778,1.020579412
2779,1.024725759
2780,1.039925951
2781,1.066298445
2782,1.100359827
2783,1.134798609
2784,1.160642303
2785,1.171483195
2786,1.166058823
2787,1.147272758
2788,1.119768181
2789,1.088174622
2790,1.056364714
2791,1.027292836
2792,1.003017594
2793,0.984689424
2794,0.972426931
2795,0.965121193
2796,0.960307947
2797,0.954297099
2798,0.942759763
2799,0.922017821
2800,0.890909135
2801,0.851792776
2802,0.809316178
2803,0.768311645
2804,0.73277633
2805,0.705847214
2806,0.689892983
2807,0.686298483
2808,0.695047517
2809,0.714524046
2810,0.741862444
2811,0.773726492
2812,0.80710335
2813,0.839859111
2814,0.871089298
2815,0.901332852
2816,0.932483
2817,0.966937078
2818,1.005741097
2819,1.047006401
2820,1.086755035
2821,1.121464584
2822,1.149610866
2823,1.171614702
2824,1.189142182
2825,1.204377943
2826,1.219385877
2827,1.235561318
2828,1.25324596
2829,1.271617727
2830,1.288930065
2831,1.303039497
2832,1.311937067
2833,1.313891797
2834,1.307077812
2835,1.289167432
2836,1.257946811
2837,1.213219726
2838,1.15780517
2839,1.096114122
2840,1.032195721
2841,0.968870545
2842,0.907726922
2843,0.849411239
2844,0.793966826
2845,0.74116512
2846,0.690789016
2847,0.642806738
2848,0.597403306
2849,0.554908546
2850,0.515709659
2851,0.480228575
2852,0.449011524
2853,0.422958894
2854,0.403696969
2855,0.394008014
2856,0.398062873
2857,0.420828062
2858,0.465746054
2859,0.531252002
2860,0.60970073
2861,0.690830297
2862,0.766164485
2863,0.830719562
2864,0.882469497
2865,0.921253812
2866,0.947921285
2867,0.963804483
2868,0.970428906
2869,0.969369116
2870,0.962204606
2871,0.950560428
2872,0.936234498
2873,0.921405546
2874,0.908869615
2875,0.902133607
2876,0.905024741
2877,0.920582752
2878,0.949605131
2879,0.989472619
2880,1.033774107
2881,1.074056322
2882,1.10384886
2883,1.121385253
2884,1.128800611
2885,1.129868675
2886,1.128381061
2887,1.127437869
2888,1.129224591
2889,1.134953224
2890,1.144855795
2891,1.158248124
2892,1.173705386
2893,1.189291594
2894,1.202613952
2895,1.210465021
2896,1.2083978
2897,1.191736286
2898,1.158927136
2899,1.11362612
2900,1.062158633
2901,1.010057452
2902,0.96084689
2903,0.916229535
2904,0.876530979
2905,0.841093654
2906,0.80864914
2907,0.777712508
2908,0.746975398
2909,0.715615226
2910,0.683431542
2911,0.650798163
2912,0.618541047
2913,0.587911053
2914,0.560757755
2915,0.539845152
2916,0.529017198
2917,0.532737359
2918,0.554590132
2919,0.595087148
2920,0.650600259
2921,0.714868022
2922,0.7816664
2923,0.846398083
2924,0.906216112
2925,0.959489407
2926,1.005270331
2927,1.042996977
2928,1.072411057
2929,1.093579493
2930,1.106923892
2931,1.113236521
2932,1.113720684
2933,1.11009114
2934,1.104704143
2935,1.100585372
2936,1.101140401
2937,1.10938461
2938,1.126821885
2939,1.152297869
2940,1.181133362
2941,1.205428686
2942,1.216840777
2943,1.210667021
2944,1.187485863
2945,1.15140138
2946,1.107472134
2947,1.060189533
2948,1.013022791
2949,0.968470415
2950,0.928214211
2951,0.893183651
2952,0.863469113
2953,0.838137391
2954,0.815147397
2955,0.791659139
2956,0.764899953
2957,0.733359045
2958,0.697612976
2959,0.660092666
2960,0.624063468
2961,0.592841081
2962,0.569675423
2963,0.557904054
2964,0.560781205
2965,0.580592107
2966,0.617290692
2967,0.66779093
2968,0.726891126
2969,0.789210425
2970,0.850646092
2971,0.90872297
2972,0.962184921
2973,1.010338862
2974,1.052470117
2975,1.087579544
2976,1.114636582
2977,1.133150113
2978,1.143539456
2979,1.147121273
2980,1.145935562
2981,1.14259779
2982,1.140150359
2983,1.141750561
2984,1.150049763
2985,1.166288335
2986,1.189287739
2987,1.214672957
2988,1.235172139
2989,1.242974629
2990,1.233214818
2991,1.205735736
2992,1.164069139
2993,1.113271626
2994,1.058235248
2995,1.002881686
2996,0.950004492
2997,0.901395292
2998,0.857982598
2999,0.81986637
3000,0.786272043
3001,0.755571803
3002,0.725585434
3003,0.694264015
3004,0.660548258
3005,0.62489113
3006,0.589063451
3007,0.555516595
3008,0.526963063
3009,0.506444872
3010,0.497608343
3011,0.504585868
3012,0.530776143
3013,0.57654388
3014,0.637731766
3015,0.707092136
3016,0.77747937
3017,0.843918721
3018,0.903756135
3019,0.95585525
3020,0.999745447
3021,1.03510286
3022,1.06164555
3023,1.079334739
3024,1.088624252
3025,1.090555058
3026,1.086718427
3027,1.079223253
3028,1.070730043
3029,1.064466355
3030,1.063986893
3031,1.072430935
3032,1.091330597
3033,1.119331418
3034,1.151282303
3035,1.178800189
3036,1.193483662
3037,1.190939457
3038,1.171947316
3039,1.140581964
3040,1.101848657
3041,1.06028746
3042,1.019491633
3043,0.982082922
3044,0.949795296
3045,0.923480702
3046,0.902978901
3047,0.886917979
3048,0.872647591
3049,0.856586227
3050,0.835191148
3051,0.806442451
3052,0.771027282
3053,0.732068111
3054,0.693638461
3055,0.659615108
3056,0.633465419
3057,0.618385323
3058,0.617126803
3059,0.631265151
3060,0.660278057
3061,0.70131224
3062,0.750095093
3063,0.802365181
3064,0.854881342
3065,0.905717772
3066,0.954092901
3067,0.999956113
3068,1.043323422
3069,1.083470634
3070,1.118670633
3071,1.147018376
3072,1.167557332
3073,1.180699237
3074,1.188017769
3075,1.191889957
3076,1.195145291
3077,1.200627711
3078,1.210572981
3079,1.2258541
3080,1.245280385
3081,1.265245685
3082,1.280201883
3083,1.284261122
3084,1.273259059
3085,1.245950708
3086,1.203889441
3087,1.150602691
3088,1.090525028
3089,1.027892819
3090,0.966017264
3091,0.907107857
3092,0.852394702
3093,0.802284302
3094,0.756469559
3095,0.714061647
3096,0.673858128
3097,0.634773863
3098,0.596283287
3099,0.558633369
3100,0.522734894
3101,0.489912722
3102,0.461796768
3103,0.440496571
3104,0.429004813
3105,0.431521576
3106,0.452920607
3107,0.496367207
3108,0.559867168
3109,0.635611178
3110,0.713821457
3111,0.786932582
3112,0.850785984
3113,0.903761898
3114,0.945604758
3115,0.976664763
3116,0.997581117
3117,1.009219962
3118,1.012685919
3119,1.009321891
3120,1.000708336
3121,0.988712591
3122,0.97562418
3123,0.964346759
3124,0.958463311
3125,0.961800374
3126,0.977255976
3127,1.005299022
3128,1.042792639
3129,1.082763074
3130,1.116437918
3131,1.13735621
3132,1.143956727
3133,1.138704672
3134,1.125800235
3135,1.109514288
3136,1.093456867
3137,1.080364123
3138,1.072044252
3139,1.069316801
3140,1.071924958
3141,1.078482362
3142,1.086511839
3143,1.092537726
3144,1.092201924
3145,1.080855733
3146,1.055515851
3147,1.017325429
3148,0.971296819
3149,0.923380559
3150,0.878333761
3151,0.839316178
3152,0.808109151
3153,0.785281423
3154,0.770261301
3155,0.76147843
3156,0.756679888
3157,0.753394423
3158,0.749449324
3159,0.743443907
3160,0.735094984
3161,0.725419439
3162,0.71683078
3163,0.713209687
3164,0.719599746
3165,0.740656407
3166,0.777764945
3167,0.827297142
3168,0.882532213
3169,0.93732605
3170,0.988057533
3171,1.033448979
3172,1.073606634
3173,1.109172735
3174,1.140818809
3175,1.169032505
3176,1.194083668
3177,1.216070886
3178,1.235007693
3179,1.250963127
3180,1.264274732
3181,1.275791595
3182,1.286966373
3183,1.299390366
3184,1.313348671
3185,1.325868915
3186,1.330468231
3187,1.320471402
3188,1.293158321
3189,1.250337982
3190,1.196064855
3191,1.134555638
3192,1.069297562
3193,1.002908343
3194,0.937263018
3195,0.873664477
3196,0.812987593
3197,0.755780023
3198,0.702318009
3199,0.652624647
3200,0.606478737
3201,0.56348402
3202,0.523281388
3203,0.485860478
3204,0.451751926
3205,0.422005311
3206,0.398177072
3207,0.382547506
3208,0.378506791
3209,0.390703447
3210,0.424022938
3211,0.480455297
3212,0.555479915
3213,0.638709307
3214,0.719223703
3215,0.789792845
3216,0.847292392
3217,0.891283888
3218,0.922640122
3219,0.942710397
3220,0.952934774
3221,0.954742216
3222,0.949586407
3223,0.939013712
3224,0.924739778
3225,0.908770167
3226,0.893589939
3227,0.882365159
3228,0.8789173
3229,0.887053689
3230,0.909134441
3231,0.944535654
3232,0.988789475
3233,1.034239429
3234,1.073134777
3235,1.101239308
3236,1.118638491
3237,1.128074379
3238,1.133095582
3239,1.13698227
3240,1.142269741
3241,1.15055022
3242,1.162407112
3243,1.177474
3244,1.194646228
3245,1.212399657
3246,1.229018976
3247,1.242414195
3248,1.249386762
3249,1.245141959
3250,1.225074541
3251,1.188744112
3252,1.140807893
3253,1.087516774
3254,1.033758039
3255,0.98240124
3256,0.934647531
3257,0.890506914
3258,0.849232974
3259,0.809741476
3260,0.771007216
3261,0.732368006
3262,0.693653693
3263,0.655129886
3264,0.617350734
3265,0.581066554
3266,0.547296302
3267,0.517575703
3268,0.494261224
3269,0.480668339
3270,0.480802169
3271,0.498354014
3272,0.534889565
3273,0.588339384
3274,0.653404866
3275,0.723647271
3276,0.793401093
3277,0.858504311
3278,0.916199788
3279,0.964827686
3280,1.003587934
3281,1.032374276
3282,1.05162207
3283,1.062165466
3284,1.065144892
3285,1.062002935
3286,1.054568951
3287,1.045182476
3288,1.03676122
3289,1.032661812
3290,1.036168851
3291,1.049638028
3292,1.07352744
3293,1.105420723
3294,1.139285822
3295,1.166386641
3296,1.17908392
3297,1.174749283
3298,1.155836159
3299,1.127181322
3300,1.09370429
3301,1.059457729
3302,1.027488241
3303,0.999926103
3304,0.978015639
3305,0.962006875
3306,0.950968562
3307,0.942684527
3308,0.933816593
3309,0.920459548
3310,0.899204044
3311,0.868644134
3312,0.830424928
3313,0.788594429
3314,0.747810822
3315,0.712151855
3316,0.684921444
3317,0.668724539
3318,0.66527254
3319,0.674918488
3320,0.696328896
3321,0.726725564
3322,0.762680484
3323,0.801014666
3324,0.839423599
3325,0.876789519
3326,0.913270547
3327,0.950090946
3328,0.988732175
3329,1.029447402
3330,1.070180188
3331,1.107459712
3332,1.138520332
3333,1.162474901
3334,1.180168562
3335,1.193546702
3336,1.205024703
3337,1.216909601
3338,1.230849436
3339,1.247373491
3340,1.265648656
3341,1.283574273
3342,1.298255133
3343,1.306669365
3344,1.306131286
3345,1.294330736
3346,1.269366945
3347,1.230540577
3348,1.179541206
3349,1.120258822
3350,1.05710294
3351,0.993614843
3352,0.932071293
3353,0.873627471
3354,0.818588607
3355,0.766696646
3356,0.717437506
3357,0.670346926
3358,0.625233798
3359,0.582247677
3360,0.541804878
3361,0.504474144
3362,0.47093456
3363,0.442075848
3364,0.419272217
3365,0.404809816
3366,0.402295749
3367,0.416539786
3368,0.451976266
3369,0.5093214
3370,0.583091897
3371,0.663566307
3372,0.741441593
3373,0.810580633
3374,0.868006943
3375,0.912863284
3376,0.945492487
3377,0.966873645
3378,0.978311558
3379,0.981267635
3380,0.977277276
3381,0.967939519
3382,0.954985937
3383,0.94043974
3384,0.926845984
3385,0.917456245
3386,0.916073726
3387,0.926211116
3388,0.94968095
3389,0.985265249
3390,1.027937777
3391,1.069574474
3392,1.102303776
3393,1.122310905
3394,1.130453619
3395,1.130229093
3396,1.125720335
3397,1.12052542
3398,1.117382712
3399,1.118070793
3400,1.123374276
3401,1.133081526
3402,1.146062437
3403,1.160445911
3404,1.173771799
3405,1.182872446
3406,1.183538493
3407,1.171010598
3408,1.142630021
3409,1.100651628
3410,1.051010194
3411,0.999730199
3412,0.95104563
3413,0.907298126
3414,0.869317824
3415,0.836774548
3416,0.80849497
3417,0.782821209
3418,0.758024208
3419,0.732712443
3420,0.706132031
3421,0.678273273
3422,0.649807471
3423,0.6220085
3424,0.596834196
3425,0.577195529
3426,0.567148711
3427,0.571426155
3428,0.593766006
3429,0.634497308
3430,0.689531378
3431,0.752260874
3432,0.816518161
3433,0.878112841
3434,0.934761241
3435,0.985395046
3436,1.029524059
3437,1.066857387
3438,1.097175343
3439,1.120373271
3440,1.136576081
3441,1.146251017
3442,1.150312084
3443,1.150248132
3444,1.148263833
3445,1.14730003
3446,1.150679889
3447,1.16118339
3448,1.17970019
3449,1.203929885
3450,1.227833486
3451,1.243054634
3452,1.242612825
3453,1.224126888
3454,1.189793555
3455,1.144134372
3456,1.091920795
3457,1.03716578
3458,0.982893822
3459,0.931241801
3460,0.883615524
3461,0.840769641
3462,0.802762409
3463,0.768826995
3464,0.737340134
3465,0.706166454
3466,0.67347892
3467,0.638680562
3468,0.602757697
3469,0.567828394
3470,0.536464015
3471,0.511433685
3472,0.495887234
3473,0.493538877
3474,0.508238278
3475,0.542414257
3476,0.594920752
3477,0.660387007
3478,0.731326267
3479,0.801119647
3480,0.865501163
3481,0.922367742
3482,0.970912119
3483,1.010829283
3484,1.041905049
3485,1.064024151
3486,1.077414943
3487,1.082844754
3488,1.081641674
3489,1.075639166
3490,1.067163601
3491,1.059070451
3492,1.054694308
3493,1.057469103
3494,1.070049177
3495,1.093070424
3496,1.123895948
3497,1.155997189
3498,1.180460696
3499,1.190016311
3500,1.182333062
3501,1.159744087
3502,1.12687
3503,1.08859007
3504,1.049067186
3505,1.011491707
3506,0.978115261
3507,0.950302277
3508,0.928475177
3509,0.911951423
3510,0.898789259
3511,0.885857883
3512,0.869376482
3513,0.846083766
3514,0.814796286
3515,0.777257959
3516,0.737280901
3517,0.69909975
3518,0.666497687
3519,0.642787786
3520,0.6309008
3521,0.633055938
3522,0.650000845
3523,0.680377467
3524,0.720929057
3525,0.767576085
3526,0.816619151
3527,0.865436587
3528,0.91263973
3529,0.957913106
3530,1.001595965
3531,1.043875971
3532,1.08383161
3533,1.119322058
3534,1.14816482
3535,1.169375003
3536,1.18347048
3537,1.192151398
3538,1.197868218
3539,1.203397116
3540,1.211330641
3541,1.223440739
3542,1.240014038
3543,1.259351802
3544,1.277710274
3545,1.290011963
3546,1.291307746
3547,1.278251018
3548,1.24978691
3549,1.207121596
3550,1.153379726
3551,1.092815172
3552,1.029631177
3553,0.967122375
3554,0.907452508
3555,0.851778376
3556,0.800426124
3557,0.753043384
3558,0.708791442
3559,0.666654245
3560,0.625834835
3561,0.586078265
3562,0.547757321
3563,0.511728292
3564,0.479147033
3565,0.451448881
3566,0.430577918
3567,0.419415891
3568,0.4221267
3569,0.443649493
3570,0.487320623
3571,0.551317476
3572,0.627829276
3573,0.706887378
3574,0.780686737
3575,0.844884142
3576,0.89775807
3577,0.939040781
3578,0.969160522
3579,0.988902333
3580,0.999297831
3581,1.001587834
3582,0.997197376
3583,0.987735677
3584,0.975058834
3585,0.961422002
3586,0.949689978
3587,0.943424676
3588,0.946472769
3589,0.961803673
3590,0.990005644
3591,1.028111263
3592,1.069325713
3593,1.104948595
3594,1.128438532
3595,1.138093384
3596,1.136256667
3597,1.127033444
3598,1.114610842
3599,1.102514011
3600,1.093381602
3601,1.088903691
3602,1.089767916
3603,1.095605166
3604,1.104994846
3605,1.115558746
3606,1.124047029
3607,1.126318202
3608,1.117654893
3609,1.094539746
3610,1.057464906
3611,1.011239159
3612,0.962021927
3613,0.914815467
3614,0.872873445
3615,0.837927186
3616,0.810433669
3617,0.789741926
3618,0.774302405
3619,0.762004596
3620,0.750626363
3621,0.738313919
3622,0.72398756
3623,0.707578616
3624,0.69009416
3625,0.673648001
3626,0.66159313
3627,0.658559145
3628,0.669652417
3629,0.698165925
3630,0.742946104
3631,0.798364658
3632,0.857437677
3633,0.914851884
3634,0.967799528
3635,1.015347199
3636,1.057539158
3637,1.094749806
3638,1.127333228
3639,1.155482111
3640,1.179220538
3641,1.198498026
3642,1.213367071
3643,1.22421598
3644,1.23202078
3645,1.238540045
3646,1.246231081
3647,1.257501891
3648,1.273098893
3649,1.290263331
3650,1.302402736
3651,1.30186576
3652,1.284157434
3653,1.249559138
3654,1.201523444
3655,1.144422355
3656,1.082228294
3657,1.018085949
3658,0.95432062
3659,0.89257944
3660,0.833973426
3661,0.779175849
3662,0.728463811
3663,0.681709066
3664,0.638372882
3665,0.597635515
3666,0.558768774
3667,0.521608402
3668,0.48676355
3669,0.455462796
3670,0.429380783
3671,0.410752175
3672,0.40272764
3673,0.409612832
3674,0.436208808
3675,0.485296611
3676,0.554111186
3677,0.63383974
3678,0.713904164
3679,0.786474838
3680,0.847636876
3681,0.896322283
3682,0.93294559
3683,0.958487396
3684,0.974061816
3685,0.980822014
3686,0.980019878
3687,0.973075467
3688,0.961625788
3689,0.947602415
3690,0.933378662
3691,0.921952471
3692,0.916977231
3693,0.922268556
3694,0.94056235
3695,0.97196101
3696,1.012799107
3697,1.055754834
3698,1.092463688
3699,1.117529062
3700,1.130207739
3701,1.133056073
3702,1.129882906
3703,1.124443704
3704,1.119857476
3705,1.118376833
3706,1.121279447
3707,1.128813635
3708,1.140229005
3709,1.153927258
3710,1.167656676
3711,1.178521263
3712,1.182673841
3713,1.175331235
3714,1.152646355
3715,1.114999184
3716,1.067359518
3717,1.015974141
3718,0.965740314
3719,0.919664621
3720,0.879161136
3721,0.844393885
3722,0.814556412
3723,0.788177911
3724,0.763508443
3725,0.738948774
3726,0.713423253
3727,0.686583789
3728,0.658813912
3729,0.631142756
3730,0.605256657
3731,0.58371118
3732,0.570193403
3733,0.569346366
3734,0.585540015
3735,0.620549708
3736,0.671733349
3737,0.732932403
3738,0.797454104
3739,0.860310473
3740,0.91862865
3741,0.97105181
3742,1.017016949
3743,1.056262732
3744,1.088608477
3745,1.113940714
3746,1.132310568
3747,1.144054634
3748,1.149907071
3749,1.151124996
3750,1.149638416
3751,1.148137759
3752,1.149879782
3753,1.157959643
3754,1.174043472
3755,1.196948964
3756,1.22171965
3757,1.240339633
3758,1.244969043
3759,1.23173818
3760,1.201705896
3761,1.158954065
3762,1.108297253
3763,1.05398618
3764,0.999311277
3765,0.946643353
3766,0.897589529
3767,0.85310315
3768,0.813478168
3769,0.778235471
3770,0.74603003
3771,0.714841404
3772,0.682652121
3773,0.648409996
3774,0.61262902
3775,0.577158182
3776,0.54447918
3777,0.517286126
3778,0.498569951
3779,0.49186236
3780,0.501066509
3781,0.529270725
3782,0.576619022
3783,0.638943736
3784,0.709072805
3785,0.779855703
3786,0.846244739
3787,0.905539242
3788,0.956627264
3789,0.999119298
3790,1.032801615
3791,1.057521908
3792,1.073389828
3793,1.081010966
3794,1.081556917
3795,1.076716717
3796,1.068664497
3797,1.060089059
3798,1.054193582
3799,1.054446089
3800,1.063858574
3801,1.083828546
3802,1.112845617
3803,1.145551649
3804,1.17342027
3805,1.188202114
3806,1.185912942
3807,1.167673732
3808,1.137662809
3809,1.100823477
3810,1.06158334
3811,1.023429806
3812,0.988890711
3813,0.959597837
3814,0.936268724
3815,0.918569866
3816,0.90494232
3817,0.892578435
3818,0.877791397
3819,0.856983666
3820,0.828163858
3821,0.792183384
3822,0.752412982
3823,0.713127528
3824,0.678292647
3825,0.651347554
3826,0.635335589
3827,0.632735043
3828,0.644810497
3829,0.670874034
3830,0.708193639
3831,0.75284568
3832,0.800948133
3833,0.849533131
3834,0.896851724
3835,0.942306442
3836,0.986137853
3837,1.028746963
3838,1.069680438
3839,1.107095884
3840,1.138598976
3841,1.162672753
3842,1.17932397
3843,1.189894874
3844,1.196625293
3845,1.202221443
3846,1.209378621
3847,1.220182613
3848,1.235446611
3849,1.25415134
3850,1.273226454
3851,1.287990473
3852,1.293383209
3853,1.285477869
3854,1.262415523
3855,1.224567344
3856,1.174354971
3857,1.115713713
3858,1.05298921
3859,0.989860888
3860,0.928893423
3861,0.871578258
3862,0.818513311
3863,0.76956657
3864,0.724050798
3865,0.680992648
3866,0.639507931
3867,0.599159831
3868,0.560123539
3869,0.52310255
3870,0.489138121
3871,0.459524326
3872,0.435953732
3873,0.420893906
3874,0.418023053
3875,0.432160094
3876,0.46764678
3877,0.524907598
3878,0.598091214
3879,0.677404392
3880,0.753898387
3881,0.821969922
3882,0.879067102
3883,0.924498832
3884,0.958503781
3885,0.981775108
3886,0.99528281
3887,1.000214781
3888,0.99794429
3889,0.990016157
3890,0.978183672
3891,0.964529402
3892,0.951667453
3893,0.942913092
3894,0.942104375
3895,0.952709019
3896,0.976359837
3897,1.011503197
3898,1.052690506
3899,1.091527356
3900,1.12020668
3901,1.135168559
3902,1.137514957
3903,1.130944504
3904,1.11973092
3905,1.107671904
3906,1.097725904
3907,1.091917685
3908,1.091289054
3909,1.095843191
3910,1.10452769
3911,1.115307684
3912,1.125276432
3913,1.130656038
3914,1.126850282
3915,1.109537318
3916,1.07740381
3917,1.033856832
3918,0.984961418
3919,0.936329171
3920,0.891862733
3921,0.853815158
3922,0.823076061
3923,0.799368824
3924,0.781439554
3925,0.767349994
3926,0.754893354
3927,0.74207059
3928,0.72752738
3929,0.710846281
3930,0.692649771
3931,0.674611453
3932,0.659548221
3933,0.651568899
3934,0.655752276
3935,0.676508196
3936,0.714801738
3937,0.766689377
3938,0.825314615
3939,0.884390437
3940,0.940010517
3941,0.990491549
3942,1.035498629
3943,1.075273659
3944,1.110165909
3945,1.140410646
3946,1.166071481
3947,1.187099537
3948,1.203485699
3949,1.215475828
3950,1.223814733
3951,1.229974298
3952,1.236226993
3953,1.245242756
3954,1.258868154
3955,1.27626407
3956,1.292593654
3957,1.300161441
3958,1.292329681
3959,1.266873823
3960,1.225856552
3961,1.173406185
3962,1.113831531
3963,1.050764752
3964,0.986980885
3965,0.924489227
3966,0.864681807
3967,0.808456013
3968,0.756283683
3969,0.708219957
3970,0.663879638
3971,0.622484523
3972,0.583134048
3973,0.545296845
3974,0.509206079
3975,0.475851685
3976,0.446736667
3977,0.423812639
3978,0.409732478
3979,0.408210634
3980,0.423944033
3981,0.461128984
3982,0.520171933
3983,0.5951401
3984,0.675808925
3985,0.752688175
3986,0.819951219
3987,0.875241888
3988,0.918321676
3989,0.949908294
3990,0.971016422
3991,0.982721228
3992,0.986171101
3993,0.982667709
3994,0.973719993
3995,0.961094677
3996,0.946920779
3997,0.933860339
3998,0.925247214
3999,0.924908213
4000,0.936301112
4001,0.961039198
4002,0.997463477
4003,1.039953187
4004,1.080142064
4005,1.110637005
4006,1.12832243
4007,1.134365489
4008,1.132208243
4009,1.125802239
4010,1.118694469
4011,1.113660581
4012,1.112556241
4013,1.116232979
4014,1.124502604
4015,1.13619864
4016,1.149341517
4017,1.161269826
4018,1.168519574
4019,1.166620018
4020,1.150970947
4021,1.119755314
4022,1.076105008
4023,1.026103777
4024,0.975435874
4025,0.927996636
4026,0.885951683
4027,0.850080481
4028,0.820047374
4029,0.794653203
4030,0.772161812
4031,0.750716111
4032,0.728774889
4033,0.705454182
4034,0.680676901
4035,0.655146842
4036,0.630302121
4037,0.608424294
4038,0.592897068
4039,0.588241971
4040,0.59924223
4041,0.628780284
4042,0.675513665
4043,0.733907019
4044,0.797034954
4045,0.859359402
4046,0.917604135
4047,0.970272307
4048,1.016856332
4049,1.057236954
4050,1.091358323
4051,1.119133797
4052,1.140509985
4053,1.155606985
4054,1.164871362
4055,1.169229057
4056,1.170252458
4057,1.170294846
4058,1.172402477
4059,1.179715072
4060,1.194225118
4061,1.215218592
4062,1.238157746
4063,1.255259989
4064,1.258682716
4065,1.244372252
4066,1.21314159
4067,1.168865573
4068,1.116232673
4069,1.059443221
4070,1.001786316
4071,0.945654392
4072,0.892689782
4073,0.843911841
4074,0.799754803
4075,0.760002858
4076,0.723701637
4077,0.689257047
4078,0.654945882
4079,0.619743359
4080,0.583924736
4081,0.548967403
4082,0.516995946
4083,0.490429296
4084,0.472082396
4085,0.465456776
4086,0.474681678
4087,0.503392351
4088,0.552337816
4089,0.617423514
4090,0.690796933
4091,0.764363995
4092,0.832412131
4093,0.891989496
4094,0.94204307
4095,0.982433015
4096,1.013303776
4097,1.034894656
4098,1.047654392
4099,1.052410186
4100,1.050427493
4101,1.043391713
4102,1.033417143
4103,1.023122372
4104,1.015691364
4105,1.014695611
4106,1.02340245
4107,1.043560713
4108,1.074027705
4109,1.109753902
4110,1.142331371
4111,1.163365178
4112,1.168548347
4113,1.158619983
4114,1.137402151
4115,1.109575123
4116,1.079428012
4117,1.050415784
4118,1.025086754
4119,1.00508463
4120,0.991084491
4121,0.982645106
4122,0.978058749
4123,0.974334001
4124,0.967456264
4125,0.953149759
4126,0.928437229
4127,0.893496751
4128,0.851906021
4129,0.808705861
4130,0.768497969
4131,0.734886443
4132,0.710597632
4133,0.697500752
4134,0.696339829
4135,0.70642302
4136,0.725654552
4137,0.751049339
4138,0.779487714
4139,0.808383259
4140,0.836155907
4141,0.862569719
4142,0.888918141
4143,0.917780031
4144,0.951814143
4145,0.991572757
4146,1.034242168
4147,1.075275096
4148,1.111144128
4149,1.140551274
4150,1.164098534
4151,1.183487625
4152,1.200771232
4153,1.217737344
4154,1.23544745
4155,1.253998023
4156,1.272572943
4157,1.28977664
4158,1.304091672
4159,1.314165738
4160,1.318664433
4161,1.315697895
4162,1.302346112
4163,1.275462091
4164,1.234091805
4165,1.180817374
4166,1.120176556
4167,1.056434287
4168,0.992591211
4169,0.930370471
4170,0.870542221
4171,0.813296941
4172,0.758581651
4173,0.706349444
4174,0.656682042
4175,0.609788855
4176,0.565939828
4177,0.525407615
4178,0.488474182
4179,0.455532237
4180,0.427301277
4181,0.405153107
4182,0.391484559
4183,0.390000509
4184,0.405500351
4185,0.442301999
4186,0.501019858
4187,0.57614324
4188,0.657818341
4189,0.736415133
4190,0.805484988
4191,0.861969733
4192,0.905179388
4193,0.935758369
4194,0.954990272
4195,0.96440458
4196,0.965583458
4197,0.960096519
4198,0.949529783
4199,0.935597771
4200,0.920328285
4201,0.90628921
4202,0.896750612
4203,0.89551061
4204,0.90606375
4205,0.930223516
4206,0.966798505
4207,1.010802773
4208,1.054208339
4209,1.089353993
4210,1.112631812
4211,1.124917528
4212,1.129534813
4213,1.13031007
4214,1.130575359
4215,1.132810015
4216,1.138534113
4217,1.14828043
4218,1.161637082
4219,1.177410026
4220,1.19388377
4221,1.208989677
4222,1.220083787
4223,1.223345656
4224,1.213859678
4225,1.18812875
4226,1.147539523
4227,1.097756262
4228,1.044929649
4229,0.993437065
4230,0.945663005
4231,0.902429011
4232,0.863437392
4233,0.827666292
4234,0.793765609
4235,0.760454123
4236,0.72685
4237,0.692641908
4238,0.658067037
4239,0.62377917
4240,0.590766722
4241,0.560449482
4242,0.534960327
4243,0.517436763
4244,0.511966429
4245,0.522766809
4246,0.552383597
4247,0.599758439
4248,0.660099183
4249,0.726974897
4250,0.794638614
4251,0.859010083
4252,0.917522789
4253,0.968622514
4254,1.011383724
4255,1.045340314
4256,1.070445281
4257,1.087053745
4258,1.095893071
4259,1.098051991
4260,1.095033867
4261,1.088875645
4262,1.082254849
4263,1.078423594
4264,1.080766526
4265,1.091923499
4266,1.112709423
4267,1.141076441
4268,1.17139715
4269,1.195221179
4270,1.204670341
4271,1.196376094
4272,1.172158824
4273,1.136672913
4274,1.094959791
4275,1.051263171
4276,1.008785912
4277,0.969801245
4278,0.935772296
4279,0.907337579
4280,0.884151336
4281,0.864697522
4282,0.84632263
4283,0.825742694
4284,0.800091856
4285,0.768205236
4286,0.731333198
4287,0.692597049
4288,0.655734104
4289,0.624307397
4290,0.601636047
4291,0.590888319
4292,0.594776751
4293,0.614681721
4294,0.649682754
4295,0.696448234
4296,0.750347898
4297,0.806985759
4298,0.863161031
4299,0.917025486
4300,0.967739048
4301,1.014900114
4302,1.057896538
4303,1.095485351
4304,1.126070154
4305,1.14855152
4306,1.16294343
4307,1.170397491
4308,1.172941912
4309,1.173215367
4310,1.174193754
4311,1.17877132
4312,1.189112969
4313,1.205849639
4314,1.227298643
4315,1.249043925
4316,1.264539814
4317,1.26719466
4318,1.252975857
4319,1.221676648
4320,1.176289838
4321,1.121453164
4322,1.06194832
4323,1.001742551
4324,0.943668391
4325,0.889499406
4326,0.840115258
4327,0.795602115
4328,0.755299924
4329,0.717920386
4330,0.681878362
4331,0.645845347
4332,0.609301864
4333,0.572761738
4334,0.537563907
4335,0.505512356
4336,0.478742767
4337,0.459936505
4338,0.452690246
4339,0.46151432
4340,0.490570687
4341,0.540815861
4342,0.607716797
4343,0.682739528
4344,0.757446715
4345,0.82614486
4346,0.885983095
4347,0.935929755
4348,0.975811973
4349,1.00578922
4350,1.026217304
4351,1.037714314
4352,1.041239448
4353,1.038107921
4354,1.029985164
4355,1.018934998
4356,1.007546837
4357,0.999054571
4358,0.997184111
4359,1.005397855
4360,1.025572018
4361,1.056622488
4362,1.093583894
4363,1.128140346
4364,1.151838677
4365,1.160149404
4366,1.153602885
4367,1.135919352
4368,1.111743761
4369,1.085348868
4370,1.060180483
4371,1.038783894
4372,1.022798591
4373,1.012883583
4374,1.00856407
4375,1.008085608
4376,1.008401325
4377,1.005395433
4378,0.994533337
4379,0.972358128
4380,0.93858537
4381,0.896725477
4382,0.852128437
4383,0.809748293
4384,0.773364865
4385,0.745668282
4386,0.72834375
4387,0.721926832
4388,0.725626683
4389,0.737414229
4390,0.754472975
4391,0.773839763
4392,0.793014479
4393,0.81046468
4394,0.826042544
4395,0.841273505
4396,0.859324652
4397,0.884167593
4398,0.918396519
4399,0.960777319
4400,1.006501183
4401,1.050294293
4402,1.088941912
4403,1.121655719
4404,1.149285924
4405,1.173396216
4406,1.195537162
4407,1.216772326
4408,1.237480237
4409,1.257434582
4410,1.27609108
4411,1.292914311
4412,1.307542877
4413,1.319671436
4414,1.328626873
4415,1.332634864
4416,1.328099616
4417,1.310336583
4418,1.276693049
4419,1.228788917
4420,1.17102872
4421,1.107954605
4422,1.0429428
4423,0.978102377
4424,0.914620615
4425,0.853151725
4426,0.7941062
4427,0.737805496
4428,0.684523913
4429,0.634472575
4430,0.587781228
4431,0.544510554
4432,0.504707464
4433,0.468516284
4434,0.436361819
4435,0.409185027
4436,0.388686383
4437,0.377592477
4438,0.379873464
4439,0.400391496
4440,0.443038079
4441,0.507328541
4442,0.586361588
4443,0.669409993
4444,0.746888592
4445,0.813029318
4446,0.865607014
4447,0.90461342
4448,0.931132525
4449,0.946672437
4450,0.952838543
4451,0.951210216
4452,0.943339719
4453,0.930831986
4454,0.915479946
4455,0.899445998
4456,0.885471337
4457,0.876994024
4458,0.87787643
4459,0.891440017
4460,0.919007583
4461,0.95861271
4462,1.004473279
4463,1.048410385
4464,1.083616996
4465,1.107608396
4466,1.121839464
4467,1.129632318
4468,1.134531246
4469,1.139505084
4470,1.146646122
4471,1.157065636
4472,1.170891725
4473,1.1873964
4474,1.205270982
4475,1.222947569
4476,1.238699667
4477,1.250214392
4478,1.253750175
4479,1.244199479
4480,1.217985596
4481,1.176697685
4482,1.126076611
4483,1.072090672
4484,1.018852045
4485,0.968506591
4486,0.921710577
4487,0.878120488
4488,0.836833933
4489,0.7968043
4490,0.757198267
4491,0.717617247
4492,0.678128846
4493,0.63914871
4494,0.601298767
4495,0.565376244
4496,0.532502235
4497,0.504412853
4498,0.483733291
4499,0.47400868
4500,0.479246273
4501,0.502653424
4502,0.544786527
4503,0.602523741
4504,0.670061933
4505,0.741058864
4506,0.810194991
4507,0.873633845
4508,0.928874668
4509,0.974494157
4510,1.00993761
4511,1.03533566
4512,1.051323351
4513,1.058890171
4514,1.059306719
4515,1.054151166
4516,1.045414882
4517,1.035620876
4518,1.027846822
4519,1.025489421
4520,1.031647449
4521,1.048232333
4522,1.075020211
4523,1.108679111
4524,1.142247766
4525,1.166805518
4526,1.175805013
4527,1.168193246
4528,1.147378335
4529,1.118376189
4530,1.085897476
4531,1.053701619
4532,1.024563353
4533,1.000353109
4534,0.982018091
4535,0.969437208
4536,0.961250746
4537,0.954836544
4538,0.946574883
4539,0.93249861
4540,0.909478939
4541,0.876793458
4542,0.836897215
4543,0.794312551
4544,0.753746274
4545,0.719124137
4546,0.693530477
4547,0.679254777
4548,0.6775475
4549,0.688215385
4550,0.709479531
4551,0.738390304
4552,0.771638345
4553,0.806344045
4554,0.840585607
4555,0.873690142
4556,0.906330846
4557,0.940268117
4558,0.977366469
4559,1.017868874
4560,1.059319213
4561,1.097810348
4562,1.130354286
4563,1.156013895
4564,1.175637532
4565,1.191142442
4566,1.204829992
4567,1.218785516
4568,1.234361097
4569,1.251815072
4570,1.27021546
4571,1.287674202
4572,1.301848399
4573,1.31043663
4574,1.311319184
4575,1.302287847
4576,1.280934819
4577,1.245637923
4578,1.19730117
4579,1.139549212
4580,1.076913087
4581,1.013158571
4582,0.950748385
4583,0.890968792
4584,0.834235821
4585,0.780422295
4586,0.729180516
4587,0.680222146
4588,0.6334875
4589,0.589168687
4590,0.547629351
4591,0.509315288
4592,0.474740151
4593,0.444594861
4594,0.420006503
4595,0.402935358
4596,0.396589113
4597,0.40549825
4598,0.434471427
4599,0.485727173
4600,0.555740791
4601,0.635651772
4602,0.715516871
4603,0.787979758
4604,0.849073033
4605,0.897384797
4606,0.933038694
4607,0.956977704
4608,0.970540751
4609,0.975230232
4610,0.972600058
4611,0.964232201
4612,0.951795934
4613,0.937194322
4614,0.922785079
4615,0.911596474
4616,0.907310292
4617,0.913653734
4618,0.933125056
4619,0.965588371
4620,1.007270672
4621,1.050824039
4622,1.087877083
4623,1.113159667
4624,1.126246325
4625,1.130028441
4626,1.128483012
4627,1.125324235
4628,1.123476125
4629,1.124920322
4630,1.130652605
4631,1.140679449
4632,1.154092736
4633,1.16925642
4634,1.184010334
4635,1.195635577
4636,1.200447767
4637,1.193697479
4638,1.171407873
4639,1.133823033
4640,1.085942778
4641,1.034123682
4642,0.983296938
4643,0.936385673
4644,0.894640082
4645,0.858049252
4646,0.825697355
4647,0.796127126
4648,0.76774212
4649,0.739205961
4650,0.709743116
4651,0.679252954
4652,0.648244588
4653,0.617727236
4654,0.589231516
4655,0.565038558
4656,0.548480521
4657,0.543899748
4658,0.555711535
4659,0.586364029
4660,0.634319186
4661,0.694237121
4662,0.759501628
4663,0.824639385
4664,0.886112663
4665,0.941951342
4666,0.991105807
4667,1.032969008
4668,1.06716129
4669,1.09351354
4670,1.112134215
4671,1.123474736
4672,1.128382018
4673,1.12817789
4674,1.124786596
4675,1.120841988
4676,1.119588813
4677,1.124341962
4678,1.137447688
4679,1.159030963
4680,1.18590897
4681,1.211306372
4682,1.226662206
4683,1.225545839
4684,1.206526155
4685,1.1725625
4686,1.128510261
4687,1.079147191
4688,1.028345689
4689,0.978964586
4690,0.93299223
4691,0.891680066
4692,0.85555344
4693,0.824285671
4694,0.796545027
4695,0.770071311
4696,0.742250546
4697,0.711154462
4698,0.676517799
4699,0.639923218
4700,0.604086432
4701,0.572035226
4702,0.546848496
4703,0.531823135
4704,0.530525402
4705,0.54616596
4706,0.580104935
4707,0.630358182
4708,0.691739442
4709,0.757898844
4710,0.8235085
4711,0.885162459
4712,0.941101452
4713,0.990482674
4714,1.032713461
4715,1.067117917
4716,1.093046099
4717,1.110269118
4718,1.119282676
4719,1.121333837
4720,1.118309219
4721,1.112650755
4722,1.107303678
4723,1.105549121
4724,1.11051662
4725,1.124300047
4726,1.146832314
4727,1.174807902
4728,1.201367199
4729,1.217905853
4730,1.217943872
4731,1.199930092
4732,1.166729078
4733,1.123276754
4734,1.074602634
4735,1.024873981
4736,0.977172632
4737,0.933586397
4738,0.89532667
4739,0.86273677
4740,0.835187346
4741,0.810985576
4742,0.787536303
4743,0.761976614
4744,0.732251804
4745,0.698134422
4746,0.661404448
4747,0.625040886
4748,0.592306452
4749,0.566462238
4750,0.550940569
4751,0.549362373
4752,0.564812824
4753,0.598291494
4754,0.647412148
4755,0.706902846
4756,0.770747981
4757,0.834133072
4758,0.894082958
4759,0.949098403
4760,0.998456224
4761,1.041573165
4762,1.077650923
4763,1.105775258
4764,1.125392855
4765,1.136734321
4766,1.140895941
4767,1.139714702
4768,1.135648165
4769,1.131681418
4770,1.131103837
4771,1.136952673
4772,1.15108621
4773,1.173085865
4774,1.19930822
4775,1.22281479
4776,1.235344645
4777,1.230962903
4778,1.208483511
4779,1.17086818
4780,1.123029703
4781,1.069967081
4782,1.015822111
4783,0.963637556
4784,0.915448847
4785,0.872423582
4786,0.834901943
4787,0.802326266
4788,0.773183802
4789,0.74519833
4790,0.715961801
4791,0.683895915
4792,0.649024648
4793,0.612979425
4794,0.578313439
4795,0.547872698
4796,0.524705981
4797,0.512315654
4798,0.514677885
4799,0.535345637
4800,0.575436306
4801,0.631901735
4802,0.698252686
4803,0.76741131
4804,0.834053719
4805,0.895141654
4806,0.949294786
4807,0.995928953
4808,1.034633856
4809,1.064955274
4810,1.086565723
4811,1.099593667
4812,1.104815026
4813,1.103641715
4814,1.098053003
4815,1.090583365
4816,1.084326528
4817,1.082756385
4818,1.089111682
4819,1.105310905
4820,1.130686094
4821,1.160946257
4822,1.188294501
4823,1.204041763
4824,1.202723145
4825,1.184074819
4826,1.151685524
4827,1.110566064
4828,1.06548541
4829,1.020295088
4830,0.977831711
4831,0.940014356
4832,0.907906492
4833,0.881646175
4834,0.860271235
4835,0.841607725
4836,0.822504648
4837,0.799651927
4838,0.770904224
4839,0.736436469
4840,0.69872774
4841,0.661381374
4842,0.62804319
4843,0.602140842
4844,0.587044496
4845,0.585972894
4846,0.601221219
4847,0.632913121
4848,0.678319676
4849,0.732670845
4850,0.790932033
4851,0.84919312
4852,0.905071003
4853,0.957417781
4854,1.005759635
4855,1.049667582
4856,1.088240799
4857,1.120103087
4858,1.144066642
4859,1.159851274
4860,1.168286863
4861,1.171136458
4862,1.170863767
4863,1.170415277
4864,1.172880538
4865,1.180882823
4866,1.195717259
4867,1.216426702
4868,1.239140277
4869,1.257349016
4870,1.263854181
4871,1.253719156
4872,1.226035903
4873,1.183445237
4874,1.130471671
4875,1.071947875
4876,1.012012852
4877,0.953723071
4878,0.899079565
4879,0.849184995
4880,0.804347868
4881,0.764106487
4882,0.727276774
4883,0.692198046
4884,0.657267621
4885,0.621600276
4886,0.58543159
4887,0.550011058
4888,0.517185797
4889,0.48913555
4890,0.46849063
4891,0.458689813
4892,0.46410377
4893,0.489079083
4894,0.53533727
4895,0.599357033
4896,0.673100652
4897,0.747914212
4898,0.81761366
4899,0.878963726
4900,0.930740291
4901,0.972696037
4902,1.00493142
4903,1.027696811
4904,1.041462362
4905,1.047040356
4906,1.045632047
4907,1.038819321
4908,1.028587814
4909,1.01742919
4910,1.008464012
4911,1.005356892
4912,1.011682075
4913,1.029672451
4914,1.058803612
4915,1.094739274
4916,1.129528891
4917,1.154426855
4918,1.164096393
4919,1.158334909
4920,1.140523278
4921,1.115288866
4922,1.087037313
4923,1.059387695
4924,1.035062803
4925,1.015892526
4926,1.002760972
4927,0.995459498
4928,0.992512598
4929,0.991112058
4930,0.987300632
4931,0.976589975
4932,0.955358548
4933,0.922877661
4934,0.882161357
4935,0.838312002
4936,0.796281709
4937,0.759967762
4938,0.73225453
4939,0.715106853
4940,0.709401468
4941,0.714661742
4942,0.729041071
4943,0.749733694
4944,0.773654119
4945,0.798099355
4946,0.821268576
4947,0.842674151
4948,0.863437419
4949,0.886265811
4950,0.914618609
4951,0.950611206
4952,0.99280689
4953,1.036653912
4954,1.077440464
4955,1.112512384
4956,1.14149652
4957,1.165535625
4958,1.186425802
4959,1.205914934
4960,1.225198834
4961,1.244658657
4962,1.263885306
4963,1.281968722
4964,1.297905985
4965,1.310875012
4966,1.320148714
4967,1.324589652
4968,1.32189713
4969,1.308341021
4970,1.280369641
4971,1.237538181
4972,1.183110991
4973,1.121788285
4974,1.057610058
4975,0.993279039
4976,0.930311463
4977,0.869421791
4978,0.81090009
4979,0.754896848
4980,0.701578572
4981,0.651160377
4982,0.603866118
4983,0.559882374
4984,0.519354479
4985,0.482448141
4986,0.449492372
4987,0.421213771
4988,0.399035763
4989,0.38539207
4990,0.383978977
4991,0.399567758
4992,0.436503546
4993,0.495528989
4994,0.571219484
4995,0.65356459
4996,0.732633323
4997,0.801789891
4998,0.857986582
4999,0.900659296
5000,0.930592866
5001,0.949172159
