column	1:	Year (YYYY)		
column	2:	Month (mm)		
column	3:	North Atlantic Oscillation (NAO)


yyyy	mm	NAO

1950	1	0.9
1950	2	0.4
1950	3	-0.4
1950	4	0.7
1950	5	-0.6
1950	6	-0.1
1950	7	-1.3
1950	8	0
1950	9	0.3
1950	10	0.9
1950	11	-1.3
1950	12	-1
1951	1	0.1
1951	2	0.7
1951	3	-1
1951	4	-0.2
1951	5	-0.6
1951	6	-1.6
1951	7	1.4
1951	8	-0.2
1951	9	-1.4
1951	10	1.9
1951	11	-0.4
1951	12	1.3
1952	1	0.9
1952	2	-0.8
1952	3	-1.5
1952	4	1
1952	5	-1.1
1952	6	-0.4
1952	7	-0.1
1952	8	-0.3
1952	9	-0.5
1952	10	-0.7
1952	11	-1.1
1952	12	-0.4
1953	1	0.3
1953	2	-0.5
1953	3	0
1953	4	-1.7
1953	5	-0.7
1953	6	1.1
1953	7	0.4
1953	8	-0.7
1953	9	-0.3
1953	10	1.3
1953	11	1
1953	12	-0.5
1954	1	0.4
1954	2	0.7
1954	3	-0.8
1954	4	1.3
1954	5	-0.1
1954	6	-0.3
1954	7	-0.6
1954	8	-1.9
1954	9	-0.4
1954	10	0.6
1954	11	0.4
1954	12	0.7
1955	1	-1.8
1955	2	-1.1
1955	3	-0.5
1955	4	-0.4
1955	5	-0.3
1955	6	-1.1
1955	7	1.8
1955	8	1.1
1955	9	0.3
1955	10	-1.5
1955	11	-1.3
1955	12	0.2
1956	1	-0.2
1956	2	-1.1
1956	3	-0.1
1956	4	-1.1
1956	5	2.2
1956	6	0.1
1956	7	-0.7
1956	8	-1.4
1956	9	0.2
1956	10	0.9
1956	11	0.5
1956	12	0.1
1957	1	1
1957	2	0.1
1957	3	-1.3
1957	4	0.5
1957	5	-0.8
1957	6	-0.7
1957	7	-1.2
1957	8	-0.6
1957	9	-1.7
1957	10	1.3
1957	11	0.7
1957	12	0.1
1958	1	-0.5
1958	2	-1.1
1958	3	-2
1958	4	0.4
1958	5	-0.2
1958	6	-1.4
1958	7	-1.7
1958	8	-1.6
1958	9	-0.1
1958	10	0.2
1958	11	1.6
1958	12	-0.7
1959	1	-0.9
1959	2	0.7
1959	3	-0.2
1959	4	0.4
1959	5	0.4
1959	6	0.4
1959	7	0.7
1959	8	0.1
1959	9	0.9
1959	10	0.9
1959	11	0.4
1959	12	0.4
1960	1	-1.3
1960	2	-1.9
1960	3	-0.5
1960	4	1.4
1960	5	0.5
1960	6	-0.2
1960	7	0.4
1960	8	-1.4
1960	9	0.4
1960	10	-1.7
1960	11	-0.5
1960	12	0.1
1961	1	0.4
1961	2	0.5
1961	3	0.5
1961	4	-1.5
1961	5	-0.4
1961	6	0.9
1961	7	-0.4
1961	8	0.9
1961	9	1.2
1961	10	0.5
1961	11	-0.6
1961	12	-1.5
1962	1	0.6
1962	2	0.5
1962	3	-2.5
1962	4	1
1962	5	-0.1
1962	6	0.2
1962	7	-2.5
1962	8	0.1
1962	9	-0.4
1962	10	0.4
1962	11	-0.2
1962	12	-1.3
1963	1	-2.1
1963	2	-1
1963	3	-0.4
1963	4	-1.3
1963	5	2.2
1963	6	-0.4
1963	7	-0.8
1963	8	-0.6
1963	9	1.8
1963	10	0.9
1963	11	-1.3
1963	12	-1.9
1964	1	-1
1964	2	-1.4
1964	3	-1.2
1964	4	0.4
1964	5	0.5
1964	6	1.3
1964	7	1.9
1964	8	-1.8
1964	9	0.2
1964	10	0.7
1964	11	0
1964	12	-0.1
1965	1	-0.1
1965	2	-1.5
1965	3	-1.5
1965	4	0.7
1965	5	-0.6
1965	6	0.3
1965	7	0.3
1965	8	0.5
1965	9	0.4
1965	10	0.4
1965	11	-1.7
1965	12	1.4
1966	1	-1.7
1966	2	-1.4
1966	3	0.6
1966	4	-0.8
1966	5	0.2
1966	6	1.1
1966	7	0.3
1966	8	-1.8
1966	9	-0.4
1966	10	-0.7
1966	11	0
1966	12	0.7
1967	1	-0.9
1967	2	0.2
1967	3	1.5
1967	4	0.2
1967	5	-1
1967	6	1.4
1967	7	0.4
1967	8	1.4
1967	9	0.9
1967	10	0.1
1967	11	0.6
1967	12	-0.5
1968	1	0.1
1968	2	-1.3
1968	3	0.4
1968	4	-1.1
1968	5	-1.8
1968	6	0.3
1968	7	-0.8
1968	8	-0.7
1968	9	-1.9
1968	10	-2.3
1968	11	-0.9
1968	12	-1.4
1969	1	-0.8
1969	2	-1.6
1969	3	-1.6
1969	4	1.5
1969	5	0.6
1969	6	0.6
1969	7	0.6
1969	8	-1.4
1969	9	2.1
1969	10	0.7
1969	11	-1
1969	12	-0.3
1970	1	-1.5
1970	2	0.6
1970	3	-1
1970	4	-1.3
1970	5	1.1
1970	6	1.5
1970	7	0.1
1970	8	0.1
1970	9	-0.1
1970	10	-0.9
1970	11	-0.6
1970	12	-1.2
1971	1	-1.1
1971	2	0.2
1971	3	-0.8
1971	4	-0.2
1971	5	0.5
1971	6	-1.6
1971	7	0.2
1971	8	1.5
1971	9	0.4
1971	10	0.6
1971	11	-0.2
1971	12	0.6
1972	1	0.3
1972	2	0.3
1972	3	0.7
1972	4	-0.2
1972	5	1
1972	6	0.9
1972	7	0.2
1972	8	1.3
1972	9	-0.1
1972	10	1.1
1972	11	0.5
1972	12	0.2
1973	1	0
1973	2	0.9
1973	3	0.3
1973	4	-0.5
1973	5	-0.4
1973	6	0.4
1973	7	0.6
1973	8	-0.1
1973	9	-0.3
1973	10	-1.2
1973	11	-0.9
1973	12	0.3
1974	1	1.3
1974	2	-0.1
1974	3	0
1974	4	0.5
1974	5	-0.2
1974	6	-0.1
1974	7	-0.8
1974	8	-0.6
1974	9	0.8
1974	10	0.5
1974	11	-0.5
1974	12	1.5
1975	1	0.6
1975	2	-0.6
1975	3	-0.6
1975	4	-1.6
1975	5	-0.5
1975	6	-0.8
1975	7	1.5
1975	8	-0.3
1975	9	1.6
1975	10	-0.5
1975	11	0.4
1975	12	0
1976	1	-0.3
1976	2	0.9
1976	3	0.8
1976	4	0.3
1976	5	1
1976	6	0.8
1976	7	-0.3
1976	8	1.9
1976	9	-1.3
1976	10	-0.1
1976	11	0.2
1976	12	-1.6
1977	1	-1
1977	2	-0.5
1977	3	-0.8
1977	4	0.7
1977	5	-0.9
1977	6	-0.6
1977	7	-0.5
1977	8	-0.3
1977	9	0.4
1977	10	0.5
1977	11	-0.1
1977	12	-1
1978	1	0.7
1978	2	-2.2
1978	3	0.7
1978	4	-1.2
1978	5	1.1
1978	6	1.4
1978	7	-1.1
1978	8	0.6
1978	9	0.5
1978	10	1.9
1978	11	3
1978	12	-1.6
1979	1	-1.4
1979	2	-0.7
1979	3	0.8
1979	4	-1.7
1979	5	-1
1979	6	1.6
1979	7	0.8
1979	8	1
1979	9	1
1979	10	-0.3
1979	11	0.5
1979	12	1
1980	1	-0.8
1980	2	0
1980	3	-0.3
1980	4	1.3
1980	5	-1.5
1980	6	-0.4
1980	7	-0.4
1980	8	-2.2
1980	9	0.7
1980	10	-1.8
1980	11	-0.4
1980	12	0.8
1981	1	0.4
1981	2	0.9
1981	3	-1.2
1981	4	0.4
1981	5	0.2
1981	6	-0.5
1981	7	0
1981	8	0.4
1981	9	-1.4
1981	10	-1.3
1981	11	-0.4
1981	12	0
1982	1	-0.9
1982	2	1.2
1982	3	1.2
1982	4	0.1
1982	5	-0.5
1982	6	-1.6
1982	7	1.1
1982	8	0.3
1982	9	1.8
1982	10	-0.7
1982	11	1.6
1982	12	1.8
1983	1	1.6
1983	2	-0.5
1983	3	1
1983	4	-0.8
1983	5	-0.1
1983	6	1
1983	7	1.2
1983	8	1.6
1983	9	-1.1
1983	10	0.6
1983	11	-1
1983	12	0.3
1984	1	1.7
1984	2	0.7
1984	3	-0.4
1984	4	-0.3
1984	5	0.5
1984	6	-0.4
1984	7	-0.1
1984	8	1.2
1984	9	0.2
1984	10	-0.1
1984	11	-0.1
1984	12	0
1985	1	-1.6
1985	2	-0.5
1985	3	0.2
1985	4	0.3
1985	5	-0.5
1985	6	-0.8
1985	7	1.2
1985	8	-0.5
1985	9	-0.5
1985	10	0.9
1985	11	-0.7
1985	12	0.2
1986	1	1.1
1986	2	-1
1986	3	1.7
1986	4	-0.6
1986	5	0.9
1986	6	1.2
1986	7	0.1
1986	8	-1.1
1986	9	-1.1
1986	10	1.5
1986	11	2.3
1986	12	1
1987	1	-1.1
1987	2	-0.7
1987	3	0.1
1987	4	2
1987	5	1
1987	6	-1.8
1987	7	0.5
1987	8	-0.8
1987	9	-1.2
1987	10	0.1
1987	11	0.2
1987	12	0.3
1988	1	1
1988	2	0.8
1988	3	-0.2
1988	4	-1.2
1988	5	0.6
1988	6	0.9
1988	7	-0.3
1988	8	0
1988	9	-1
1988	10	-1.1
1988	11	-0.3
1988	12	0.6
1989	1	1.2
1989	2	2
1989	3	1.9
1989	4	0.3
1989	5	1.4
1989	6	-0.3
1989	7	1
1989	8	0
1989	9	2.1
1989	10	0
1989	11	0.2
1989	12	-1.2
1990	1	1
1990	2	1.4
1990	3	1.5
1990	4	2
1990	5	-1.5
1990	6	0
1990	7	0.5
1990	8	1
1990	9	1.1
1990	10	0.2
1990	11	-0.2
1990	12	0.2
1991	1	0.9
1991	2	1
1991	3	-0.2
1991	4	0.3
1991	5	0.1
1991	6	-0.8
1991	7	-0.5
1991	8	1.2
1991	9	0.5
1991	10	-0.2
1991	11	0.5
1991	12	0.5
1992	1	-0.1
1992	2	1.1
1992	3	0.9
1992	4	1.9
1992	5	2.6
1992	6	0.2
1992	7	0.2
1992	8	0.9
1992	9	-0.4
1992	10	-1.8
1992	11	1.2
1992	12	0.5
1993	1	1.6
1993	2	0.5
1993	3	0.7
1993	4	1
1993	5	-0.8
1993	6	-0.6
1993	7	-3.2
1993	8	0.1
1993	9	-0.6
1993	10	-0.7
1993	11	2.6
1993	12	1.6
1994	1	1
1994	2	0.5
1994	3	1.3
1994	4	1.1
1994	5	-0.6
1994	6	1.5
1994	7	1.3
1994	8	0.4
1994	9	-1.3
1994	10	-1
1994	11	0.6
1994	12	2
1995	1	0.9
1995	2	1.1
1995	3	1.3
1995	4	-0.9
1995	5	-1.5
1995	6	0.1
1995	7	-0.2
1995	8	0.7
1995	9	0.3
1995	10	0.2
1995	11	-1.4
1995	12	-1.7
1996	1	-0.1
1996	2	-0.1
1996	3	-0.2
1996	4	-0.2
1996	5	-1.1
1996	6	0.6
1996	7	0.7
1996	8	1
1996	9	-0.9
1996	10	-0.3
1996	11	-0.6
1996	12	-1.4
1997	1	-0.5
1997	2	1.7
1997	3	1.5
1997	4	-1
1997	5	-0.3
1997	6	-1.5
1997	7	0.3
1997	8	0.8
1997	9	0.6
1997	10	-1.7
1997	11	-0.9
1997	12	-1
1998	1	0.4
1998	2	-0.1
1998	3	0.9
1998	4	-0.7
1998	5	-1.3
1998	6	-2.7
1998	7	-0.5
1998	8	0
1998	9	-2
1998	10	-0.3
1998	11	-0.3
1998	12	0.9
1999	1	0.8
1999	2	0.3
1999	3	0.2
1999	4	-1
1999	5	0.9
1999	6	1.1
1999	7	-0.9
1999	8	0.4
1999	9	0.4
1999	10	0.2
1999	11	0.6
1999	12	1.6
2000	1	0.6
2000	2	1.7
2000	3	0.8
2000	4	0
2000	5	1.6
2000	6	0
2000	7	-1
2000	8	-0.3
2000	9	-0.2
2000	10	0.9
2000	11	-0.9
2000	12	-0.6
2001	1	0.2
2001	2	0.5
2001	3	-1.3
2001	4	0
2001	5	0
2001	6	-0.2
2001	7	-0.2
2001	8	-0.1
2001	9	-0.7
2001	10	-0.2
2001	11	0.6
2001	12	-0.8
2002	1	0.4
2002	2	1.1
2002	3	0.7
2002	4	1.2
2002	5	-0.2
2002	6	0.4
2002	7	0.6
2002	8	0.4
2002	9	-0.7
2002	10	-2.3
2002	11	-0.2
2002	12	-0.9
2003	1	0.2
2003	2	0.6
2003	3	0.3
2003	4	-0.2
2003	5	0
2003	6	-0.1
2003	7	0.1
2003	8	-0.1
2003	9	0
2003	10	-1.3
2003	11	0.9
2003	12	0.6
2004	1	-0.3
2004	2	-0.1
2004	3	1
2004	4	1.2
2004	5	0.2
2004	6	-0.9
2004	7	1.1
2004	8	-0.5
2004	9	0.4
2004	10	-1.1
2004	11	0.7
2004	12	1.2
2005	1	1.5
2005	2	-0.1
2005	3	-1.8
2005	4	-0.3
2005	5	-1.3
2005	6	-0.1
2005	7	-0.5
